ANKZF1,18.91724352
ANKRD37,17.14679807
PFKFB4,15.82634098
ZNF160,15.32451001
KDM3A,14.95295521
CHST15,14.95038004
PDK1,14.46228903
ADM,13.28569522
KDM4B,13.18137676
MUC1,12.87205201
TPI1,12.78958838
ALKBH5,12.75046146
SH3D21,12.73651913
DDIT4,12.58390887
DYNC2I1,12.45716505
SORL1,12.31200892
SLC25A36,12.1530484
RLF,12.04779497
RTL8C,11.43341483
NPAS2,11.39613482
MYLIP,11.27224676
CRLF2,11.23328654
HILPDA,11.08102618
TPI1P1,11.04080034
VGLL4,11.02353898
EEF1A1P11,10.95822683
CXCR4,10.89294627
GAPDH,10.81352769
ZNF436,10.66922846
PGAM1,10.65373655
ENO1,10.59015274
PSD3,10.36511176
LGALS1,10.36388511
ADPRS,10.34775985
C4orf3,10.32444985
ANKRD33B,10.28460319
VPS13A,10.23412454
MFSD12,10.20006662
TMEM140,10.18794811
LDHA,10.18155267
ETV3,10.15830932
NAP1L1,10.15665497
BNIP3L,10.12486011
EGLN1,10.11935342
DDX41,10.0921854
PFKL,10.0569882
SLC16A3,10.04663078
ZNF292,10.00947955
PLIN2,9.988069961
SEMA3C,9.888800686
NFIL3,9.887919988
CYTIP,9.824380542
VDAC1,9.773096064
MIF,9.723322799
ERO1A,9.71383157
YEATS2,9.701671602
MPI,9.697189575
MXI1,9.696744349
GPI,9.690040611
PGM1,9.676940606
HMG20B,9.676596137
ARRDC3,9.661963134
NOL3,9.649057766
SLC2A1,9.551108966
SYNPO,9.537239027
CCR7,9.533857283
DIXDC1,9.531134415
ALOX15B,9.527093858
ATF5,9.522106121
FAM210A,9.491440895
PGK1,9.460940508
RPLP0,9.444518227
DYRK1B,9.389619495
ITGAE,9.286764264
MAPK7,9.232278203
TBC1D13,9.21124946
FNBP1,9.162083473
BIRC3,9.145584101
PAICS,9.144669663
SLC29A1,9.091370341
EEF1A1P13,9.089667053
ST8SIA4,9.076287265
FUT11,9.066876065
SLC2A3,9.058938484
FAM13A,9.050437432
ALDOC,9.000236051
TMCC3,8.99476587
BNIP3,8.99125713
ZNF395,8.96384579
MAP3K8,8.921518878
LONP1,8.916430944
DNAJB2,8.892284416
PCOLCE2,8.870954915
TCAF2P1,8.866620825
BTG1,8.852115014
HPRT1,8.846679632
NOP53,8.843179526
EPOP,8.840952377
CCDC85C,8.840935028
RIOK3,8.809643549
UBE2R2,8.795748237
TENT4A,8.772300574
PGAM4,8.770550424
SLC2A14,8.752354841
VEGFA,8.731400943
DARS1,8.690413243
ZER1,8.672201834
PADI2,8.638646832
EFNA5,8.548797698
GOLGA8B,8.530324147
MARCKSL1,8.412987432
TK1,8.350592885
RPL41,8.33191643
MTR,8.325778647
RUNX2,8.310866669
RPL13AP5,8.303682123
EEF2,8.282097642
NCF1,8.259652632
AFMID,8.256216146
GOLGA8A,8.2159505
SEMA7A,8.172874163
VCAN,8.162162714
RPS14,8.146454973
PDK1-AS1,8.126642534
TMEM51,8.065623344
CYP7B1,8.059846219
ZNF654,8.058198743
EBF1,8.051359259
BMP6,8.034442063
CD180,8.023703269
RPL10,8.01427698
EEF1A1P6,8.010379239
AK4,7.997207493
TCP11L2,7.984331564
ARHGEF7,7.970973766
SNX33,7.969159889
RPL13A,7.944348117
TCAF2,7.915740192
NEDD4L,7.901447553
WHAMMP3,7.874782954
ABLIM1,7.873750128
TSPAN33,7.872299791
PTEN,7.843774722
RAB38,7.841805479
TLCD3A,7.832205723
PFKP,7.826261556
EEF1A1,7.825588806
COCH,7.816251288
SFXN1,7.794024205
VEGFB,7.791334987
SCD,7.778477929
RPL18,7.755992515
RACK1,7.748691433
NAV2,7.748222287
SYN1,7.738962718
SAP30,7.738519004
CLEC17A,7.736299206
EEF1A1P5,7.728019945
GGA2,7.7072951
PKM,7.687228073
RNF208,7.652226611
PLEKHA8,7.649371242
RPS2P5,7.613743693
TPD52,7.598050095
RPL36,7.597447812
DDHD2,7.595302529
RORA,7.588117278
RPS6,7.584746876
RN7SL5P,7.581130133
RNF187,7.577711009
MIB2,7.565160283
RSBN1,7.552817505
RTL8B,7.548337641
RN7SL674P,7.545004102
RPL10P16,7.543625852
RPL18A,7.542075325
SAT1,7.529433506
MAP3K13,7.529289603
NAV1,7.52132643
UBE2O,7.517762418
RPLP0P9,7.516007408
ARL10,7.504339133
CCNG2,7.502550924
SEC61G,7.453923079
GPR160,7.430270465
TAMALIN,7.41966319
RPL14,7.403594466
EEF1A1P12,7.400298601
PPME1,7.39688401
MID1IP1,7.396056497
PFKFB3,7.388908867
PIGA,7.387530946
RPS27A,7.36967754
EIF1,7.347104696
ADAM12,7.340547505
RPL5,7.322676517
TNFSF13B,7.317404162
EIF4B,7.304143533
CBWD5,7.286517095
PDK3,7.286001829
PDCD4,7.263083152
USP37,7.258803676
RPL13AP25,7.254460026
TNFAIP3,7.226505609
CABIN1,7.216765582
TMEM131,7.212346701
TMEM268,7.18328078
UACA,7.160084425
DHX40,7.158453567
VIM,7.142402875
TMEM131L,7.140856934
ATF4,7.140417283
SLAMF9,7.134485255
RGS1,7.123956478
PRDX4,7.070474009
GTF2IRD2B,7.061501369
APOE,7.061448205
USP11,7.060770103
RPLP1,7.049970057
PABPC1,7.048577935
NCKIPSD,7.023685212
RPL21P75,7.014600912
ACBD5,7.011174217
ICAM5,7.010966976
SNHG5,7.003430082
UAP1L1,6.933235809
RAB8B,6.930192135
PAQR7,6.927818376
TRIM69,6.912735026
RPL22,6.873567441
PDE4D,6.860654342
NCF1B,6.858830497
GYS1,6.854245036
MKNK2,6.850088839
ENO2,6.846780768
ABTB2,6.840937493
JOSD1,6.837674956
RPS3A,6.830849874
ANGPTL6,6.811036035
DDX6,6.803513672
RPS27,6.783613695
RUNX3,6.78112947
EIF4H,6.773953459
VLDLR,6.764852977
RPS19,6.755899451
MSC,6.746375098
MTSS1,6.73327548
MCM2,6.723471401
KBTBD11,6.72260202
MAP3K1,6.711769339
FSTL3,6.698107922
RPS3,6.694543879
RN7SKP80,6.692404303
GPR157,6.691972021
ALDOA,6.691378244
CXXC5,6.683925086
ZNF525,6.676215797
RPL21,6.664327211
H4-16,6.658808365
RPS2,6.637891096
SLC25A19,6.625619561
CBWD6,6.620927398
PABPC4,6.612930424
VMO1,6.610325066
SDAD1P1,6.609872943
WNT5A,6.593624051
JUND,6.585184361
RPL18AP3,6.581663098
IQCG,6.579427043
FBP1,6.571601571
CBWD2,6.568077225
ZFP36L1,6.559145176
USP28,6.549667641
NARF,6.548690759
HK2,6.53375029
RPL7A,6.532441439
DIPK2A,6.520727462
MCRIP2,6.520514776
NCF1C,6.506832964
CEP68,6.503350179
RPL37,6.501007672
PM20D2,6.498264616
RPS4X,6.49790853
PNMA1,6.49185812
OGA,6.488220506
TNNT2,6.487903426
P4HA2,6.437795565
IDO1,6.43168231
TRADD,6.423325912
RPL12,6.412369106
RPL29,6.405713732
TXN,6.397869702
RN7SL4P,6.393754755
RPL23A,6.391019934
CTDSP1,6.390612438
RPL21P16,6.387992241
DCAF6,6.373593441
DENND5A,6.373379934
P4HA1,6.359657564
RN7SKP71,6.359113052
P2RY10,6.358809867
ID2,6.356006279
FAM162A,6.349027813
PEX11A,6.346006904
SHF,6.335119136
FXR1,6.3347736
NUMA1,6.333201674
TMEM51-AS1,6.312895805
COL7A1,6.312557068
MGLL,6.312073916
RN7SL1,6.306461663
ZNF470,6.302605081
INHBA,6.298160489
RPS16,6.28577739
ECPAS,6.277771714
ACADVL,6.277097927
KATNAL1,6.26802404
EIF4BP7,6.259106304
MEA1,6.259012671
GRPEL1,6.254277329
RDX,6.253585694
CTDSPL2,6.251977071
SET,6.251469513
ACTN4,6.250664274
MYO9A,6.24444889
FEM1C,6.237309331
COL6A2,6.222380756
SCAND2P,6.207715377
TRIP10,6.199537613
H2BC5,6.198016991
RPLP2,6.196176341
CDYL,6.19273847
CUL1,6.190752667
LZTS2,6.18900396
RAP2B,6.180251444
PHGDH,6.179693206
HSPG2,6.167519404
FAU,6.162583802
RPL15P3,6.137168292
WDR54,6.129099176
SLC35E1,6.122616369
NR4A3,6.122405274
EEF1A1P4,6.120381659
WBP11,6.118756295
PELP1,6.117421947
P4HB,6.117361343
PPP1R3G,6.112921092
RPS7P1,6.101433346
ZNF653,6.088064691
PAM,6.087217125
TENT5A,6.085534931
ELL2,6.084480289
KLF10,6.084252688
CREB3L1,6.079760085
TFPI,6.07973037
DDB2,6.077813397
RPL13,6.072994787
TSR1,6.067483563
TOGARAM1,6.045260647
LAMP3,6.040582899
BHLHE40,6.036309398
H6PD,6.035722981
CHST7,6.033821908
SRGN,6.02912052
MAF1,6.024450849
BRWD3,6.01494614
AJM1,6.006595404
RPL11,6.001628962
RPL32,5.99579402
CBWD3,5.99353229
ESYT2,5.981946328
GOLGB1,5.978756612
SESN3,5.970693786
CDKN1B,5.954035656
RPL31,5.950587453
FBN1,5.949796747
RPS26P47,5.94979405
B2M,5.941550391
WSB1,5.934018211
ALPK3,5.922701272
C7orf50,5.917747597
RPSA,5.914835811
TBC1D22A,5.912904278
TRNAU1AP,5.907887625
EEF1A1P16,5.900986695
RPL14P1,5.899420081
UBA52,5.89571725
REL,5.889715375
JADE1,5.883641494
C6orf223,5.870572604
RPLP0P6,5.866790809
SIK2,5.86434437
RPL38,5.861820579
TBC1D9B,5.861529799
RPL22P1,5.857351028
WDR45B,5.855435937
RPS5,5.853462131
EDF1,5.83726903
ANP32B,5.836423601
TOMM7,5.827755854
RPL28,5.824128085
TARS3,5.81962665
GBE1,5.817603201
EIF3G,5.815515428
GNA13,5.810727925
RN7SL3,5.810477496
RPL23,5.809904916
MTMR4,5.80808238
PIK3CB,5.805620536
RN7SL396P,5.802107338
SNAPC3,5.801293298
ZBTB25,5.797132735
LUCAT1,5.779365336
SLC25A6,5.772896156
CBWD1,5.766820067
IQCN,5.764743284
TSKU,5.761981816
TDP1,5.761915797
NDRG1,5.761098956
PNRC1,5.758830823
ZC3HAV1,5.758198204
NSUN7,5.757448311
BZW1,5.754128907
APPL1,5.740653525
HOMER2,5.73104902
RPL10P9,5.717041472
HMGN1,5.712359067
ZNF84,5.712305048
ENDOG,5.712186172
GTF2IRD2,5.708155101
VDAC2,5.707544457
RPL3,5.706855733
CRKL,5.705922599
RPS23,5.690709404
SLC35E3,5.685355238
SPG11,5.68382667
ANXA1,5.680440662
RPL5P34,5.677560171
RAB11B,5.677306189
RPL7,5.667463971
HOOK2,5.661896766
DDX24,5.65727492
ECHS1,5.656145087
RPL26,5.650621888
SYF2,5.650354894
KDM4C,5.649496439
GUK1,5.649070432
RPS20,5.639751929
STK4,5.629398574
RIN3,5.627554722
LSP1,5.625284711
TAGLN2,5.625087171
NPM1,5.623801572
RPL23AP2,5.622204619
NUB1,5.615103545
RPL41P2,5.607832027
TNFRSF10D,5.607171138
BCL9L,5.593343515
ARMC9,5.582213447
ATF3,5.570806585
ASMTL,5.561825
LMNB1,5.558648958
ERICH6B,5.556656967
PABPC3,5.554015218
OXSR1,5.553680222
TMEM134,5.550838447
SIK1,5.547933419
RN7SKP203,5.542663075
FOXO3,5.541236136
ALDH18A1,5.539637849
RPL23AP42,5.53927437
PHACTR1,5.538570039
RPS3AP6,5.5343492
TMEM263,5.527502887
RPL7AP6,5.511388715
PPP2R5C,5.510509333
ZNF148,5.502053544
CDK2,5.50163066
CXCL13,5.500083702
TBL1X,5.494305438
KCNC3,5.493451053
KCNN1,5.493080215
JUNB,5.490244861
MAFF,5.48672723
LINC03025,5.485831952
IGBP1,5.483111373
NUDT18,5.482889317
RPS3AP26,5.480719437
RPL7P9,5.475759306
PTP4A2,5.472900553
EIF4BP6,5.468545377
TMF1,5.46825704
GOLM2,5.453580431
IGF1R,5.449544607
CLIP4,5.447979542
MINK1,5.447886696
TMSB10,5.440295501
ST13,5.433545179
CIC,5.429820669
RPL9P7,5.42536105
HSDL2,5.424807267
RNVU1-7,5.424665036
RUNDC1,5.422137796
PPARG,5.422006789
TGFBR1,5.420310494
RTL8A,5.418689605
BBX,5.417845017
SNORD3A,5.417037035
DHRS3,5.416399361
RPS25,5.415580614
SMC2,5.40931669
LOXL2,5.408437961
PRKAG2,5.40726318
NUP98,5.399860461
LINC01588,5.397286383
BASP1,5.394045502
DNAH17,5.373230608
CDK16,5.371836902
RPL3P4,5.371067832
PTGS2,5.36542049
EIF3D,5.363898202
RYBP,5.362731258
RPL23AP74,5.357696801
VKORC1,5.354483754
RAB9A,5.348809224
CLK3,5.346307323
PPP1R15B,5.344091513
FLNB,5.33756879
PUS7,5.331666031
RNU1-4,5.327397123
ACKR3,5.326198796
RPS26P6,5.325959961
MGST1,5.325262423
RNVU1-29,5.324138937
LINC01388,5.32406909
RPL8,5.317901313
RPS26P58,5.316375093
ABCA1,5.315699933
PAIP2,5.314358008
FKBP8,5.313160731
KMT2A,5.305448894
RBM8A,5.291606252
RNU1-1,5.291169643
INF2,5.29045356
NR2C2,5.289981466
RNU6-32P,5.281740887
RNASET2,5.275616357
ETV3L,5.274666564
TRMU,5.269319216
RPL21P28,5.269014496
RPL30,5.267310467
RNU1-2,5.265646368
ZBTB1,5.259496138
ZNF385A,5.246217848
IFNGR2,5.245494951
CLK1,5.242341124
DNAJC1,5.233875654
TPST1,5.231129782
RNU1-3,5.229311559
SLC22A23,5.227263888
NPEPPS,5.225687317
TMEM18,5.223586974
RPS28,5.220428847
COL6A1,5.209866083
RPL19,5.209654684
PCBP2,5.205834855
NCL,5.196787947
AK4P1,5.19626923
ECH1,5.194816623
RHOF,5.194279491
AKNA,5.185294296
RPL15,5.184574448
PTENP1,5.183619505
SLC1A2,5.181251887
Y_RNA,5.180729054
ZNF280B,5.176478538
ATP1B3,5.169498476
RNVU1-28,5.161651866
N4BP2L1,5.158034343
SEC24A,5.153607747
SNORD3B-1,5.150386278
KCNQ1,5.139875589
RPS7,5.13360163
KDM5C,5.130157722
RNY3P1,5.128374687
ADTRP,5.127098366
AUH,5.126952794
HDHD5,5.121442959
PTPN1,5.117445447
PSIP1,5.117282147
H1-10,5.117079702
RNU6-1,5.115211456
PRDX2,5.114423565
GRSF1,5.112111682
RPL13AP7,5.109498382
PHLPP1,5.108367458
RNU1-27P,5.102137959
RGS6,5.10181344
MRGBP,5.099756105
PARP10,5.097678359
BTN3A2,5.095875037
RNVU1-18,5.094058146
AMZ2,5.092368266
NRP2,5.086744475
XPNPEP1,5.083540338
ACOT9,5.082809081
SLCO5A1,5.078575463
CCNI,5.075959037
HMGB3,5.072057087
KIAA1191,5.067542981
FAM107B,5.065953335
EEF1A1P19,5.065397253
P2RY8,5.053763636
WWC2,5.052589978
RPS2P55,5.048974387
DHX32,5.045467915
TCEA2,5.043827624
TPT1,5.031751455
IER5,5.030335442
RPS11,5.02976661
CREG1,5.028810383
RPS2P46,5.025540048
RNU6-8,5.023646576
HIVEP1,5.023590606
RCAN1,5.022594704
FOXO1,5.019175954
RPL5P4,5.016005501
SURF6,5.015021696
MIDEAS,5.0142441
RNU4-1,5.012438604
EIF3L,5.009238718
EEF1A1P9,5.005542955
ITGA1,5.003780376
ADD3,4.993553393
DSG2,4.983344557
LNPK,4.974660295
EOLA1,4.974075385
RN7SKP255,4.973766533
KDM2A,4.971398638
RNU1-28P,4.968140962
AK2,4.968018499
TGIF1,4.962645085
CD55,4.959603167
RNU6-5P,4.957532937
RPL37A,4.957185535
TAF15,4.956232317
SH3PXD2A,4.955312242
PTOV1,4.954713325
SMOX,4.950147264
PLOD1,4.949056986
CCL24,4.948400499
CSDE1,4.947554855
PPP1R14B,4.947040591
RPL36AL,4.94584246
RPS9,4.943245559
SAFB2,4.936498113
ING1,4.936261722
KAT6B,4.935279825
APOC1,4.932816993
DDTL,4.925522358
GTF2I,4.914235414
ATP2B1,4.912705673
KLHDC7B,4.908050642
NBAS,4.90493376
BRCC3,4.89893164
SOX5,4.896625069
SNORA73B,4.894827334
RNU6-11P,4.894569373
PLEKHA5,4.893907797
NACA,4.891559287
BCKDHA,4.891313472
RPL26P19,4.889740462
RNY3,4.882516483
PHLDA1,4.877673041
POLR2H,4.876063783
RPL7P1,4.875277425
MKRN1,4.870283824
SSH1,4.862423063
EIF3E,4.861803132
ARRDC4,4.861402706
GEMIN7,4.858134196
MCL1,4.85617411
WHAMMP1,4.85474386
TFRC,4.853818989
RNU6-3P,4.853465879
TMEM123,4.851623271
SCN11A,4.851123586
MYO1G,4.848546981
DUSP5,4.847947079
SNORD15B,4.840951388
EIF3F,4.839967533
BTF3,4.838144714
ANKRD11,4.837028307
PC,4.836526229
RPL7AP66,4.829934048
AKT1S1,4.824071773
ALCAM,4.823122816
EEF1A1P35,4.822793855
ARID3A,4.822589548
REV3L,4.82004685
PKD1,4.816913943
G3BP2,4.815720822
FAHD1,4.810315348
TAX1BP1,4.808526415
KLF5,4.807334834
RNU4-2,4.805091817
COX4I1,4.803696649
PPDPF,4.794291513
MED12,4.79318916
ZBTB44,4.788720053
NPM1P27,4.787874778
WDR59,4.785129843
DNPEP,4.782649697
CKB,4.775870476
CES1,4.774314532
RUBCN,4.770187467
PRDM1,4.768237955
RAVER1,4.765237521
RPS18,4.764643597
RPL4,4.762503192
TNFSF14,4.758611607
GABARAPL1,4.757213412
TOMM34,4.75551747
RPS27AP16,4.754762133
S100A10,4.753300907
RPL35A,4.750201804
OFD1,4.748168217
PDIA3,4.747344611
PTMA,4.747007682
NUAK2,4.73530181
PACS1,4.735195824
CSRNP1,4.731344149
ANAPC16,4.727631305
FYTTD1,4.727586517
CCM2,4.723116523
GAPDHP1,4.722911284
RPS8,4.718623385
ZNF770,4.718113561
GADD45GIP1,4.715605185
SULF2,4.713078319
SLC2A5,4.711498
CMPK1,4.709441081
AK4P3,4.705125089
ZXDB,4.702733753
TCHH,4.70095575
ACVRL1,4.700147147
RNY1,4.699322705
RASSF3,4.697983885
UCK1,4.693040774
FBXO42,4.690364386
MINDY2,4.689949932
UBXN7,4.689842125
ZDHHC18,4.68965943
SPP1,4.684614445
PIK3IP1,4.683367824
TP53BP1,4.683155834
RAI14,4.682966549
C15orf48,4.682417373
IMP3,4.682355408
RPS7P11,4.679979725
VDAC2P5,4.67729778
DHRS13,4.671246892
GSDME,4.667332612
RPL9,4.665666274
RPL27A,4.663156641
ZBTB38,4.653891693
PIM2,4.65230022
CERK,4.650357365
PPTC7,4.648212158
SUPT6H,4.641178517
NPHP4,4.635071569
DOCK7,4.633166677
ARPP19,4.631744219
P2RY11,4.631445307
NFKB2,4.621439352
SIAH2,4.620918932
RNA5SP202,4.619497257
ARID1B,4.619386762
ESCO1,4.616550446
MLLT3,4.615902681
ATP11B,4.613918601
TSC22D3,4.609620458
NGLY1,4.604644582
RPS21,4.603778452
STK10,4.60186441
RPSAP12,4.600469503
RNU6-33P,4.59908319
RIF1,4.593181952
HMGB2,4.582802153
IL23A,4.582583361
BRWD1,4.582167688
RPS15P4,4.581313443
OXSM,4.569283674
MSRB1,4.567827418
NAP1L1P1,4.566004331
EREG,4.561278627
TIMP1,4.561259719
RRP1,4.560865709
SEMA4C,4.560288572
LIMD1,4.5487986
IRF7,4.547541456
RPS2P7,4.545235606
RPL17P50,4.544075611
GRK3,4.543906867
SLC2A13,4.542098016
RAB30,4.542085037
THBS1,4.541865132
ZDBF2,4.541311034
WDR33,4.537091198
ATP5IF1,4.53018856
STK24,4.529602361
EOLA2,4.529424193
NR2C1,4.518397403
RPL6P10,4.518158835
SYTL3,4.516913385
RPL24,4.515873912
HLA-A,4.513058952
RPS15,4.509642433
CASP7,4.508980771
7SK,4.505483994
GIPC3,4.501913467
C3orf18,4.499541465
RPL7AP30,4.496879894
SMS,4.48600325
EEF1A1P22,4.485272869
MANBA,4.476794045
NEURL3,4.475949628
MT-RNR2,4.474856719
BCL7C,4.469708967
IER3,4.468794325
SRD5A1,4.468389558
MFSD10,4.463369029
PMAIP1,4.4579941
LYST,4.457878288
PHPT1,4.455729801
CALCRL,4.455492808
KIAA1143,4.454380056
SIVA1,4.454111662
CHD2,4.453268027
SH3D19,4.452041795
RNA5SP389,4.440983881
RCC1,4.431407682
IL4I1,4.429170866
CLMN,4.425026824
NDUFB8,4.414987084
LINC01128,4.413215527
IL1R2,4.410714038
NFKB1,4.409602671
INSR,4.408981727
RNA5SP370,4.408803011
RNA5SP145,4.406469069
PRKAG2-AS1,4.403814594
HMGN3,4.401762734
MYOM1,4.399033462
PES1,4.398165072
RPS12,4.394267551
DYNLL1,4.389843728
NTN1,4.388640815
RBM8B,4.382170064
GCSAM,4.381540998
RTN4RL2,4.379844584
MAP3K14,4.375416814
RPL27,4.375276703
MT-RNR1,4.37119396
MARF1,4.370656758
APBA3,4.368696686
DAG1,4.365252722
SRSF9,4.364775055
RNF145,4.363523621
ZMYM2,4.363430214
OLMALINC,4.360512618
RPL7P32,4.357413059
CFAP36,4.353081732
RAN,4.350812687
EIF3H,4.339965413
DAAM1,4.339610146
GCC2,4.336707611
CRYBB2P1,4.335345148
BPNT2,4.323306135
SLC10A3,4.322245755
AKAP10,4.320545553
CSTA,4.317409143
HTATIP2,4.316814148
MIX23,4.312516661
PPP1R16A,4.309401559
RPS3AP20,4.303533741
NCCRP1,4.302854818
TNS1,4.302077825
SNORD3B-2,4.298464089
DENND3,4.295817345
PALLD,4.29186851
FOSL2,4.284775209
CLCF1,4.284531953
RPL6,4.281258551
CPNE1,4.277019159
POLI,4.264530125
C11orf68,4.260862184
LINC01409,4.259126407
AGPAT5,4.253014438
CASC3,4.252865239
LY75,4.251880962
EVL,4.251096149
CCDC80,4.249910895
PTGER4,4.249681822
TSPYL5,4.247670371
TTC3,4.247489044
SINHCAF,4.24615213
PALM2AKAP2,4.245600329
PARP16,4.243873171
EPS8L2,4.243128221
RPL39P3,4.242991902
RPL21P119,4.242323334
BIRC2,4.241437416
GAS5,4.239611687
POGLUT1,4.239459773
RPS13,4.232926521
MIR503HG,4.228695335
NXF1,4.225853299
JMJD6,4.225327412
MCM5,4.223624964
ID2-AS1,4.216964904
SECISBP2L,4.216014117
NCS1,4.215801831
FADS3,4.212441273
SIN3A,4.212251202
RNMT,4.208641427
CEBPD,4.203348551
CD83,4.201276112
MGAT1,4.200821375
FBXL8,4.198708824
BRD2,4.197481917
CNIH1,4.196532778
PTMAP5,4.195462617
IFNAR2,4.194576849
RSL1D1,4.192028573
ITPRIPL2,4.188665497
CCDC71L,4.188076353
YPEL1,4.187294088
NBL1,4.185875798
HLA-B,4.184426177
ERGIC1,4.183877579
CHD6,4.175255309
CCNG1,4.17508222
FBL,4.174253696
TAB2,4.174071532
ASCC1,4.168225185
RABGAP1L,4.160475026
CEP120,4.158101224
EEF1D,4.157986037
RPS28P7,4.157500306
ACTR1B,4.157377548
OSER1,4.15661569
BCOR,4.155823562
PIPOX,4.154839363
MRE11,4.153428597
CALCOCO1,4.152518255
RPS26,4.152227642
RPS15A,4.142802372
THAP8,4.142164169
CREBRF,4.141247028
SNHG14,4.139654916
SCARNA21,4.133441466
NADSYN1,4.121190661
SNORD17,4.11911188
CCSAP,4.111726998
CISD2,4.110723222
SDC2,4.110487171
EIF2AK3,4.108494918
RNF113A,4.104652693
MFN1,4.104559873
MT-TF,4.101886836
RNF181,4.100298647
IPMK,4.099958747
RPL34,4.096130949
NSMCE3,4.095250992
SNORD3C,4.094890136
PCNT,4.087835658
TSPYL1,4.087574308
ACVR2B,4.085883296
WFDC21P,4.084310369
HIVEP2,4.081654829
SBNO1,4.08030129
MAP2K1,4.078190058
ITGB8,4.077456976
FAM168B,4.071017463
IRF4,4.068784665
RPL7P23,4.065071199
EDEM1,4.06347907
CDYL2,4.060526171
KHNYN,4.059620804
BTN3A1,4.058065098
ALDH2,4.055819797
CSRP2,4.054630428
RN7SL128P,4.054402798
IMPDH2,4.053750738
SLC6A8,4.050840301
NSA2,4.04578588
UNKL,4.041093367
AP3S1,4.040317267
KDM5B,4.033020444
TXNIP,4.030630054
RAB13,4.027797267
BACH1,4.024335527
ZBTB10,4.014341576
JADE2,4.00784969
AFF2,4.007527297
LRRK1,4.007029052
NAT10,4.006213538
FBRSL1,3.996916178
BZW1P2,3.995229082
DDX50,3.992749146
SEC31B,3.991857227
PRKRA,3.991167423
STAT3,3.989792728
HLA-C,3.988380824
JADE3,3.987293576
POLRMT,3.984782294
GTF2IP1,3.982609685
ZBED3,3.980997927
POM121C,3.980313749
USP54,3.979830934
ATP6V1G1,3.973702123
SNORA74B,3.971417871
WHAMMP4,3.971164056
SNORA23,3.961821188
SPEF2,3.960139843
RNA5SP149,3.95975412
ANKRD10,3.959269394
SLC38A2,3.949091201
LINC00623,3.948731125
GNAS,3.948351872
DUSP4,3.945267731
LINC00847,3.941008948
FYN,3.94028435
BRCA2,3.940042245
TNFSF4,3.939474045
GLOD4,3.93849668
CLIC2,3.937579068
C1orf115,3.935530707
EIF3B,3.934324068
RPL7AP11,3.92788527
RPL21P134,3.927740421
IMMP2L,3.926873291
ALPK2,3.926564072
MIR3609,3.925893641
PLAGL1,3.925401435
MCC,3.924080118
GTF2F1,3.917876402
EP400,3.916187
SLC25A1,3.913236588
TRAF5,3.90977716
ASL,3.905841831
ZNF12,3.904454213
SLC12A8,3.900638165
METTL26,3.899415862
MORF4L2,3.899161336
PCGF5,3.898938055
TRIM16L,3.897089857
PIWIL4,3.895188483
RAF1,3.89472808
EMSY,3.894615964
CASP3,3.892932312
SGF29,3.889405502
CLPX,3.888899264
RPL12P4,3.888890886
ASH1L,3.886865462
CHD3,3.880878811
SPECC1,3.876405465
STIL,3.875818283
UBC,3.874707974
BTN3A3,3.874574033
PARVB,3.869066954
FBXL3,3.868085447
PCBP1,3.867532022
MIR30DHG,3.862996077
DNTTIP1,3.862120161
TET3,3.861444593
CERS6,3.855711602
SNHG6,3.852944277
PER1,3.852797194
KYNU,3.852601785
NPIPA5,3.850554831
CHRNE,3.847056196
SNORA49,3.845409748
FBXO21,3.844119788
CD109,3.843594351
RHBDF2,3.843256562
CTDP1,3.836739799
BHLHE22,3.827219696
GFER,3.825818986
NT5DC1,3.822942905
QARS1,3.820531313
PGRMC2,3.819365591
WHAMMP2,3.819170025
TFG,3.816528379
DDX18,3.815249136
CDC42SE2,3.81401953
RPS26P31,3.813957265
NKAPD1,3.813879275
PITPNM2,3.812874618
RPA2,3.811429206
TBL2,3.810814756
HEXIM1,3.807747236
YBX1P2,3.803285486
MS4A14,3.802255884
RPL13AP20,3.801957898
CNPPD1,3.791205978
LARP1,3.783966173
CD86,3.783008309
SNHG15,3.78291191
GCNA,3.781082727
TIPARP,3.780936838
SRPX2,3.779332222
MAP4,3.778907405
LAD1,3.778180671
ALDH1A2,3.777418276
SSBP2,3.777187469
FAM53B,3.776957995
CRBN,3.774867411
PHB2,3.77044648
PWP1,3.768526309
OST4,3.768185881
LINC00869,3.763327343
MRI1,3.76203072
NUP62,3.756964939
BANP,3.756559839
TOMM40,3.755106113
MLH3,3.752003288
DNAJC5B,3.751153513
FSCN1P1,3.748845625
PTMAP2,3.747250635
SLC6A12,3.747069764
GOLGA1,3.744983565
ADGRD1,3.740056249
PLXNA3,3.739356115
GUCD1,3.738380564
LINC02986,3.738053538
DCAKD,3.732304865
PIK3CA,3.731871431
MMP25,3.731033228
ACVR1C,3.728892014
CFDP1,3.725784151
HNRNPA0,3.725279921
TRIR,3.723842001
MAP1LC3B,3.72377169
MPZL1,3.723532195
HMGN2P5,3.720773061
RNF144B,3.71815328
NORAD,3.717680463
KLHDC7B-DT,3.716150818
ECE1,3.715238454
SCARNA6,3.715100227
REXO4,3.714587596
FRYL,3.713735864
CNNM2,3.713626932
GOLGA8R,3.713583384
TBC1D4,3.713457833
MS4A7,3.712597661
SAMD1,3.712487718
PHF10,3.710637042
C5orf15,3.707809401
PREP,3.706499888
MACO1,3.70524514
RPS26P8,3.704459723
SLC41A2,3.704332645
MMP17,3.70376541
ELK1,3.703493031
APOL6,3.702846533
DNM1P47,3.701913945
CCL22,3.699417083
SNORA20,3.69841664
BCAT1,3.694461724
IMPDH1,3.690348009
SLC2A4RG,3.686097085
WDR48,3.685507925
RPS27AP11,3.684809003
PRKRIP1,3.684193121
IRF2,3.682449602
KLHL21,3.682355696
ACAD11,3.681465788
RCN1,3.678017437
GTF2IRD2P1,3.677056554
ZBTB21,3.676982396
PIK3C3,3.676408461
RPL15P5,3.673234086
METTL9,3.672879466
PTGES3,3.671631455
MRPL17,3.669277827
SEPTIN7-DT,3.668329884
RPSAP19,3.668107518
SMYD2,3.666671241
PPIAP22,3.664724918
PRKCSH,3.664302184
ATF7IP,3.662724779
FNBP1L,3.659345553
ISG20,3.659026005
SLC25A25-AS1,3.657575053
EEF1A1P14,3.656324977
BRK1,3.655868098
TOMM20,3.652386796
RPS24P19,3.650304467
LINC02649,3.648927726
MTHFD1L,3.648037074
DEPP1,3.647517349
NEK4,3.646369392
GPAT4,3.644540091
RPL12P8,3.641690013
DDR1,3.638973034
GPN2,3.637861882
PPP4R2,3.636867546
MMP7,3.633041649
C17orf58,3.629010823
OAT,3.628593901
WHAMM,3.628311192
GPT2,3.624033652
MARCHF6,3.617794755
ZNF141,3.616529997
FZR1,3.616419749
PPP2R3B,3.616132141
PATJ,3.614959572
RPAP1,3.614770045
SOCS2,3.61404895
DSC2,3.613970635
RPL35,3.613007536
CSTB,3.612848197
UBR5,3.611371263
EEF1A1P25,3.608570538
EPS15,3.608389079
HBP1,3.605556722
DST,3.60419625
H3C11,3.604115144
RSPH3,3.603810636
FAM20C,3.599422828
EIF3M,3.599377604
SINHCAFP2,3.598253583
SERPINB6,3.596709449
TMA7,3.595157959
ZNF337,3.58798803
FXR2,3.58658445
BAZ1A-AS1,3.583519443
KLHL28,3.58327963
UBXN2A,3.581823539
DNAH11,3.581720135
ULK1,3.580574971
VAV2,3.578591836
CYRIA,3.577191107
SETD1A,3.575532381
NCK2,3.574255356
AARS2,3.573825024
BRD1,3.570859062
TNS2,3.570819139
SLC35A4,3.568158502
TEC,3.568001371
RPS26P15,3.566767193
CEBPB,3.566608834
RRAGA,3.565023327
MAP4K4,3.561141411
PSAT1,3.560848359
ZNF581,3.560436889
TNFRSF11A,3.558592535
TTC26,3.553674258
TBC1D8,3.552569322
TIMP3,3.550867864
ZFR,3.546784152
CNOT10,3.546426998
AMIGO1,3.542170232
TRIT1,3.539983244
CARHSP1,3.539259744
OCEL1,3.531137265
GEMIN8,3.531102769
FCGR3A,3.530998283
HMOX1,3.530219567
YY1,3.529776265
BTG1-DT,3.528445587
PITPNM1,3.526393071
FNTB,3.52136891
POLR2I,3.517241728
CPEB2,3.514717348
TLE5,3.513171845
MARCKS,3.507735981
ALG9,3.50715192
GPX4,3.502865204
PHF3,3.502378715
GTDC1,3.501400724
KDM1A,3.497637266
YBX1,3.495658799
UBA2,3.494837735
LHPP,3.491394385
MT-TL1,3.488479145
WDR74,3.48745433
RAD21-AS1,3.487074733
DGKE,3.484806865
GTF2IP4,3.483119988
DENND1A,3.481550518
SETP14,3.475591743
OXR1,3.475485619
RHOT1P1,3.475124307
POM121,3.474732745
OTUD7B,3.474478237
IL15RA,3.474389847
SLC43A2,3.472399065
PRRT3,3.472124051
UBXN1,3.467866315
LINC01539,3.467532913
RGS9,3.463283248
RPL39,3.462920076
CCDC127,3.458858624
TUBGCP2,3.458460273
LRIF1,3.457334162
PHC2,3.455871114
ZSCAN30,3.454648692
EEF1AKMT3,3.447367527
COPRS,3.446108892
ABHD4,3.443636664
PLEKHG1,3.440933118
PPIA,3.440448968
ADAM8,3.430276704
ADGRG2,3.42916332
FBXL20,3.427839432
ESPL1,3.42727183
EIF5,3.426973162
PHRF1,3.426036649
ECI2,3.424682338
CYP27B1,3.424310997
TNKS1BP1,3.423299044
TMEM170B,3.421877834
ERAL1,3.421422207
ARHGEF2,3.418054714
CEBPZOS,3.409726408
MAOA,3.409317506
R3HCC1L,3.408983181
DNHD1,3.404005448
UQCRHL,3.403926701
TAOK1,3.403282122
ANXA6,3.402881516
KDM5A,3.399655693
SNORA12,3.39890014
DNAJC4,3.397019777
MRPL49,3.39624335
RFX3,3.395052842
HSH2D,3.393114681
PIH1D1,3.389736236
TCEAL4,3.387895942
EIF4BP3,3.387403977
EXOC5,3.384379682
BOD1,3.381633049
GNA12,3.378478224
HIPK2,3.376327083
DNAAF11,3.373777512
YTHDC1,3.37048933
YBX1P1,3.368534562
GID4,3.367394705
RPL29P11,3.366563726
ITIH1,3.363170488
RPS23P8,3.361234118
CCDC68,3.361025459
DUS3L,3.359448174
HCP5,3.358722303
SLC5A6,3.358568609
FOXD4,3.357284323
IDS,3.356802795
SMARCC1,3.356194378
SLU7,3.353180452
HLA-L,3.349377508
CLEC16A,3.34470703
DCSTAMP,3.344599703
SUPT16H,3.34358293
OTUD5,3.341202798
HNRNPA1P7,3.340522333
NINJ1,3.337249983
PRPSAP2,3.334848652
OTUD4,3.333686148
ZNF296,3.332381983
PANX2,3.331889707
GPBP1,3.331800857
PHF11,3.325928483
STX5,3.322206676
CDC34,3.321456585
HCAR3,3.319896881
BAD,3.319219037
SERF2,3.31906915
EP300,3.318069703
SREBF1,3.316653464
MAPK8,3.314994315
RNF5,3.30972626
PTGES2,3.308358554
PPARA,3.304815077
ELP2,3.304795668
CBX1,3.302391957
COX20,3.301768774
RPS28P4,3.30109532
CCDC107,3.30100853
ZNF398,3.30034203
ZKSCAN1,3.300205651
RNASEH2C,3.299965319
BCL2L13,3.298335037
ADPRHL1,3.295125064
WHRN,3.293401
MSC-AS1,3.292754989
ABCF3,3.292645097
DPP7,3.292342989
EPSTI1,3.290886264
ACBD3,3.290842778
KLHDC3,3.290068773
NPEPPSP1,3.289244494
KANSL3,3.289145748
POR,3.288365266
GOLGA8Q,3.288298888
RELA,3.287007413
RPL6P27,3.279001458
ZNF8-DT,3.278034542
UPB1,3.277853422
FLRT2,3.277456381
EIF2S2,3.275617304
RPL41P5,3.275498249
FAUP1,3.274835429
NELFB,3.274086629
NEFH,3.270777979
MET,3.267087779
TOP3A,3.265366319
TPT1-AS1,3.263798359
ZFP41,3.26369945
PKD1P6,3.262771147
MAP1LC3B2,3.261009001
PTTG1IP,3.259380257
MZT1,3.2587971
FABP3,3.256469914
YY1AP1,3.256130592
ATP11C,3.255182914
PDGFC,3.253512726
ST13P5,3.25034069
PSME1,3.249381353
NDUFC1,3.240748862
SPHK1,3.239790211
ASXL1,3.239109984
RPL21P39,3.23807159
KLF11,3.236942753
TLK1,3.236630483
C7orf31,3.236082466
MMP24OS,3.235781112
BCL2A1,3.232851703
EEF1A1P7,3.229133764
MSH3,3.228411133
AEBP2,3.227458265
ZMIZ1,3.224591126
CYB5A,3.224136986
TMEM63B,3.219869444
RAC1P2,3.21828656
WDR55,3.217915549
SMARCC2,3.211281779
PMS2CL,3.209423605
EIF3FP3,3.208829347
EMC3-AS1,3.207162664
ZBTB17,3.203441312
RN7SL752P,3.202845845
RBAK,3.201792149
TG,3.20093028
NOS1AP,3.20069275
BTAF1,3.200425294
RPS26P3,3.200216747
RALA,3.199356647
FSCN1,3.198100941
KMT2E,3.19687711
TMSB4XP6,3.194542029
SCAMP1,3.192837828
CNOT8,3.187019502
PTK2B,3.18448374
LRFN4,3.183286874
ABCG1,3.179663207
PPP2R5B,3.179127596
FAM118A,3.178774713
TSC22D2,3.178454152
FOXD4L3,3.175692333
MED13,3.169760609
CEP192,3.169054319
ERICH1,3.168516918
SRSF12,3.168243028
SCARNA7,3.1673988
ST3GAL6-AS1,3.167358474
STK25,3.165003211
GOLGA8N,3.162062065
MT-ND3,3.161997555
TRIM52,3.161078678
NEAT1,3.158559597
LINC01961,3.156447666
SHFL,3.15525875
ZFP69B,3.155095892
UXT,3.154465508
RFFL,3.153362846
CX3CL1,3.151804938
CSTF1,3.150781287
CBWD4P,3.147181375
ZCCHC3,3.14570203
ZBTB5,3.144825764
ST13P6,3.142930149
NOB1,3.142032356
ZSCAN2,3.14182708
SNAPC1,3.141179827
KLHL3,3.13820517
RAB21,3.136545735
SSR4,3.134268404
MOB3A,3.133912481
IDO2,3.133310364
MRPL45,3.131656059
WASHC2A,3.129362864
ZNF37A,3.128879043
FOXO3B,3.128385899
RANBP2,3.124282784
ZNF618,3.123359935
MPHOSPH10P2,3.119584343
MRPL39,3.11587625
CXCL16,3.115286768
TANK,3.114949595
CAMLG,3.11280591
CA12,3.111517413
STK17A,3.110161662
PLEKHA6,3.11011419
BHLHE41,3.108632013
SLC36A4,3.10726017
GPR35,3.105209865
POLR2A,3.104108518
MTND1P23,3.102673884
TMEM185A,3.102556205
COX7A2L,3.099586421
EHHADH,3.096535311
SMPD4BP,3.092147922
ARID5B,3.0910382
HINT1,3.090445965
UHRF2,3.087893276
DNAJB4,3.08513012
CGN,3.084492242
ARHGAP21,3.082919451
CNTROB,3.082323001
FOXD4L4,3.081886922
C1orf198,3.081537718
RPL4P4,3.079416843
ANP32E,3.077890507
UFD1,3.07557572
RPS27AP5,3.073642769
HNRNPU,3.073407018
NSD3,3.072736788
RNF111,3.071288045
SEPTIN7,3.069726461
MARK4,3.066675896
PTGR1,3.066282839
TNIP1,3.065069384
PDE4B,3.062981688
YPEL3,3.059286454
LGALS8,3.057897855
FTH1P2,3.057217592
CEP350,3.057180451
VAPB,3.056901528
DENND4A,3.056245997
GPNMB,3.055258899
SOX4,3.054987681
ZXDA,3.053381099
MAMDC4,3.052937859
RPS2P17,3.04963007
SNORD89,3.048675283
MORF4L1P1,3.045692128
TTC30A,3.041372035
APBB3,3.041030379
PARP6,3.040844807
CDV3,3.035890696
CHRNA10,3.031391131
SF3B5,3.031045115
YEATS4,3.026940048
CCDC28B,3.025624538
ZKSCAN8,3.02466112
DNM1P46,3.024185458
PCBP1-AS1,3.023103644
RPL26P36,3.020988675
DRG1,3.019188146
MOV10,3.017840761
ADAMTSL4-AS2,3.016762038
DUSP3,3.016156467
SIAH1,3.009366877
NEPRO,3.008260432
MSANTD3,2.998268206
HYPK,2.997632499
SMAP2,2.995238708
MYB,2.994233282
RNF168,2.993564613
PRCC,2.992348482
WRNIP1,2.989256323
RNA5SP429,2.989139375
RPS3AP5,2.987067327
VIM-AS1,2.98617459
HAS1,2.984943554
RPL21P93,2.983733261
GABPB2,2.982731979
RPS10,2.98247173
CHTF8,2.979355792
SNRPEP4,2.977277861
PLD3,2.976868412
EIF4EBP1,2.976102297
ANO6,2.975364591
EIF4HP1,2.97507871
ANKLE2,2.973642758
RC3H2,2.971394708
UBE2D3,2.970710917
MT-CYB,2.968504231
MAGED2,2.967151819
LAMC1,2.966675487
GAN,2.965658705
PELI2,2.964793362
FMR1,2.962210944
ZNF768,2.960413649
HNRNPA1P35,2.954748785
RFTN1,2.953091978
KCNA3,2.953026176
SEC11A,2.950913435
TRIM8,2.949177904
CAT,2.946648214
STARD4,2.945977602
ANKRD16,2.945419053
H4C9,2.940019198
PPP1R3B,2.939984427
NUDCD2,2.939947383
PPP1R14BP3,2.939782076
UAP1,2.937779362
HSD11B1-AS1,2.937594992
NET1,2.93738535
DCAF5,2.936182845
RAB11B-AS1,2.935328589
RPL12P38,2.935276289
PSMB10,2.934261461
NUCKS1,2.933939152
RIPK2-DT,2.933316668
AKIRIN1,2.93321634
ZNF808,2.93217416
PPP1R16B,2.931708957
MAML1,2.929078156
TRIM2,2.924913861
LYSMD2,2.923584966
ARHGAP45,2.920301682
DCUN1D4,2.91901666
SMPD4,2.918656036
FTH1P23,2.918425448
PANK3,2.917388528
OARD1,2.91671109
NR1H3,2.914861166
INPP5F,2.914578065
BCL2L11,2.914342051
BCORL1,2.911822823
SACS,2.910905167
TTYH2,2.9086177
RPS27P29,2.9085704
SSRP1,2.908151192
ZFTA,2.90514958
MKLN1,2.904742748
EIF1AD,2.904254466
ZFP28,2.90378973
CIRBP,2.902691825
UQCRH,2.901440868
CDK17,2.901065085
AVPI1,2.898135029
HSPA13,2.896670132
FRMD8,2.895476735
SERPINB10,2.895079364
H2BC12,2.893593206
FAM3A,2.890162589
GLIS3,2.882419371
SF3A1,2.877449641
UBE2Q2,2.876215418
XYLT2,2.872842445
SEMA6B,2.872813921
AKR1E2,2.868966115
TSPYL2,2.868169437
CILK1,2.862602379
HMGN2P46,2.861427584
ATP5PO,2.861372715
THOC7,2.860426555
RFX2,2.860227213
PLD2,2.856362629
TVP23A,2.856109857
SNTB1,2.852079718
TMEM185AP1,2.851597533
EZR,2.851522063
CES1P1,2.850580812
NDE1,2.850354963
UBXN6,2.848003582
LMNB2,2.847554897
FER,2.847009111
LCOR,2.845026955
ABTB1,2.84492193
ZNF384,2.84431193
INTS6L,2.842962682
TERF2,2.842234707
RNF24,2.840967557
SMIM3,2.840718645
UBE2B,2.840344615
CSF2RA,2.837487388
HOMER1,2.834513768
FBXO7,2.834290584
RAB23,2.832441295
EFL1,2.832040774
NAMPTP1,2.830867753
SLC15A4,2.830851366
GADD45B,2.829646658
SLC39A9,2.826706528
RETREG2,2.826697518
RPL7AP20,2.825054394
GOLGA8S,2.821988428
SNX11,2.820390927
SND1,2.81993767
SMN1,2.819338028
NRG2,2.819144406
RPL10P6,2.818721111
POLE3,2.818234058
EIF1P3,2.817984658
SMG7,2.812910008
LINC00299,2.812799581
HNRNPA1,2.812432509
FAM234A,2.811000148
PMS2P3,2.810550499
LINC00674,2.810383243
LPCAT1,2.809064401
CSNK1G3,2.806937715
FAM21FP,2.803136228
ANXA8,2.803088697
KPNB1,2.802913823
SPEN,2.801997016
DDX17,2.801499047
MT-ATP8,2.801039634
SYNGR2,2.799597699
AHCYL2,2.798527117
RNA5SP226,2.795916763
CUL4A,2.795347675
SIKE1,2.79502506
RASGRP2,2.792833097
PCF11,2.792531103
RAP1GAP,2.789887963
R3HDM2,2.787488543
COX7C,2.786094164
ITGB3BP,2.785558678
NELFCD,2.784980178
POU2F1,2.784891521
TMEM39B,2.78241952
LGMN,2.781686638
FNDC3A,2.78088835
ADARB1,2.779976026
CASZ1,2.779138276
GTPBP1,2.77514049
KIAA2013,2.77428893
TNFSF9,2.774135501
ATF4P3,2.773973759
SRRM2,2.772366137
LINC01176,2.770998342
INSIG2,2.770613798
TNFRSF1B,2.770182071
GOLGA8M,2.77012968
MGAT5,2.769223987
PCGF1,2.768919882
HSPD1,2.768483986
C1orf226,2.766230846
KDM6A,2.76484378
BMT2,2.764500088
ATXN1,2.763713083
ACOT2,2.763141026
NFATC2IP,2.762017605
CD70,2.761822622
MPC2,2.760563358
C9orf78,2.760167879
SDC3,2.759848309
GOLGA8O,2.75868497
ZNF608,2.757163102
PHC3,2.7545988
FOXD4L6,2.754062736
TRPT1,2.752985329
RSL24D1,2.75249723
GLS,2.750533196
ARHGAP12,2.748390846
UBQLN4,2.746235524
FAIM,2.745847139
ZC3H7A,2.745810336
CD6,2.744777708
NASP,2.743544243
CYGB,2.742142736
COLGALT2,2.740121779
TERF2IP,2.73921907
ZFAND3,2.738549061
TSC22D1,2.73847974
RAB20,2.738035907
RPL7AP62,2.737575269
TRAF1,2.73689016
S1PR1,2.736248264
JPT1,2.735439245
ZNF621,2.733948006
POLR1D,2.733715051
SNHG29,2.733560661
RBBP6,2.732642929
ELOF1,2.732361196
SAMD8,2.730959511
EMD,2.728866209
HIF1AN,2.728589649
PLA2G6,2.728555774
LSM14A,2.727246847
ZNF425,2.727088926
PRLR,2.726120654
LIN7A,2.726017532
PITPNC1,2.725422358
CIR1,2.724357078
KCTD2,2.724036058
C3,2.721749941
P4HTM,2.721261444
TYSND1,2.719434353
MCM7,2.71943421
ST13P15,2.712445708
RAB3IP,2.712017359
PIP4K2A,2.711130937
BCL2,2.707572175
RPL22P2,2.706810367
IARS2,2.706064719
RUFY3,2.704881687
CHMP1B,2.703833686
ENTHD1,2.702807467
TOP1MT,2.700493001
EIF4A2,2.700386824
PEDS1,2.69966029
ZNHIT6,2.698989279
KDM6B,2.698772554
DYNC1H1,2.698647472
EAF1,2.697738706
INSIG1,2.69643203
CTNNBL1,2.695518093
EMC9,2.69515756
ZNF250,2.694442935
NIBAN1,2.693459029
PRRG4,2.691591082
CFAP70,2.690543946
PEBP1,2.69010481
NQO2,2.688854621
USE1,2.688128055
SARS1,2.687578069
RGPD4,2.68638051
TMSB4XP2,2.684554597
BATF3,2.683911655
TPRA1,2.683793334
H3C7,2.682538087
TTC3P1,2.681988375
AGGF1,2.68043124
ZFAS1,2.679789077
UBN2,2.677311435
ERLIN1,2.67696074
TTC30B,2.67536905
MECP2,2.672364467
CDK2AP1,2.667940726
HNRNPA1L2,2.666227605
MLLT6,2.664077404
RBM33,2.664010623
U2,2.663987263
VPS37C,2.660955031
FCAR,2.660771591
FAM117B,2.660385885
ABHD17B,2.660356743
ACP1,2.660331862
AKAP13,2.656445871
PPIAP40,2.655284928
TNFRSF9,2.654245531
DCP1A,2.65386476
LINC01138,2.651307702
PTMAP12,2.649236831
TNPO3,2.646773702
MSI2,2.645513342
ADAMTSL4-AS1,2.64429751
ATP5MC2,2.643466512
TTN-AS1,2.642678934
CEP57,2.639817412
VOPP1,2.638853785
SLX1B,2.638501588
PNISR,2.638007618
FBXO31,2.637477669
APOBEC3F,2.636687217
CCDC24,2.636456508
ARL6,2.635977518
PLAAT3,2.634605623
UBE2Z,2.62991093
MAP4K3,2.628108827
MCRIP1,2.627804646
ZNF740,2.627450146
ZMAT2,2.627264587
SESN1,2.625762737
ENOSF1,2.623806636
METTL6,2.622451488
F8A3,2.620363262
GOLGA8T,2.620247888
PPP1CB,2.620125184
BAGE2,2.617324455
CPOX,2.616376484
KLLN,2.615954269
ADM2,2.615541168
AHRR,2.615185474
TIFAB,2.6123989
MMP19,2.610423356
MAP3K21,2.609332866
ZDHHC13,2.608910926
WIPI2,2.608639095
NANP,2.608316665
HOMEZ,2.606793225
GIGYF1,2.606437454
RPUSD4,2.605808822
RPS24,2.605161131
PGLS,2.604123223
SSPN,2.60153719
ITPR2-AS1,2.599512774
RPS3AP25,2.599116904
ENSA,2.598856069
SIRT3,2.598110011
RASGRP3,2.597827671
RNF2,2.596507056
USP12,2.596004794
ZFP62,2.595518457
RSRC2,2.594683603
RNA5SP161,2.594221022
KIF13A,2.593039262
PDIA3P1,2.592580197
MTRFR,2.590911622
RNF217,2.59081893
PKD2,2.590597563
VPS51,2.58816925
BCL11A,2.587261687
TOB2,2.584474563
MIR4458HG,2.584323151
LETMD1,2.575483411
PCBP2P2,2.57493214
STARD7,2.572243661
DIPK1A,2.572130598
ADA,2.571913947
KRT8P46,2.570704039
NEDD1,2.570382393
FZD7,2.570127156
PMPCB,2.569781285
LAMTOR5,2.569687831
ATG14,2.567726434
KMT5C,2.567139625
FAM83H,2.565723907
SNHG32,2.565144993
SMIM10L1,2.563530702
L3MBTL4,2.5618129
PIGX,2.561392098
HCAR2,2.560902217
YBX3,2.560221402
PDCL3,2.558064392
MEGF8,2.556043781
SPSB1,2.555581348
ADGRB1,2.555072689
NBPF10,2.554808063
DYRK1A,2.554716737
RXRA,2.554695251
CRTC2,2.55200993
HSPA2,2.551926866
ANKRA2,2.551019444
RIPK2,2.547210259
CHKB-DT,2.545657183
TICAM2-AS1,2.543806486
H2AC11,2.543133279
MALAT1,2.539736219
NUP50,2.538056004
DEXI,2.536548717
UQCRB,2.534608089
CDC26,2.532154978
ANKRD20A5P,2.532033536
ZC3H6,2.531555176
TBCEL,2.530451405
CALM1,2.530407226
LRRC42,2.529929275
POM121B,2.529304519
IL18,2.529089095
HIP1,2.525620374
CENPT,2.525520168
PAF1,2.525494818
RDH11,2.524991846
ARL6IP6,2.524672649
HGS,2.524426749
PHKB,2.522528352
FAM124A,2.519135524
MORF4L1,2.518383161
C14orf28,2.515578773
SNORD12C,2.514773759
HBS1L,2.514556888
TKT,2.513487913
CLK2,2.51203831
LSM12P1,2.511571103
NONO,2.510991491
DOT1L,2.510696105
KCTD18,2.50974333
ZCCHC2,2.508709165
PLEKHA2,2.50851889
TLE3,2.508400852
RASSF1,2.506739337
CREBBP,2.504239635
SPON2,2.501374527
TPT1P9,2.501355797
GID8,2.499456815
RNF141,2.49935964
PKD1P5,2.49828496
TXNRD1,2.498216996
PPIAP9,2.497595941
SMNDC1,2.496015882
FAM193B,2.495959672
GABPAP,2.494943254
KCTD11,2.491861994
ST14,2.491680162
ZFYVE1,2.490606021
ACVR1B,2.490190823
PCMTD1,2.488041889
ZFYVE9,2.486780365
GINS4,2.485751583
SAP130,2.484829232
CFL2,2.483861242
FABP5,2.48339528
LINC01145,2.481399943
CLPP,2.480357498
GPANK1,2.47961899
TIMMDC1,2.479102139
ANKRD42,2.478463795
TLE4,2.47819141
PDCD7,2.476429977
CFD,2.475934198
ZBTB41,2.475265191
EIF4G2,2.472363781
PPP2R3A,2.471674727
TRIM41,2.471650805
D2HGDH,2.470775963
SAP18,2.470374345
A4GALT,2.467802688
BUB3,2.464775855
EMC3,2.46373407
EBLN2,2.463702718
RNF38,2.463506423
NATD1,2.463272226
RSF1,2.463191083
ULK4P1,2.462920359
CNIH4,2.462326045
MFAP1,2.46141504
ATG2A,2.457789852
C6orf62,2.457107804
KCTD9,2.456119528
EEF1A1P38,2.45566905
ICAM3,2.455049203
INTS3,2.452347854
OBSCN,2.451967865
AOC1,2.450683128
ARNT,2.45063433
COL4A2,2.450318966
GGH,2.44980775
UBR4,2.448412388
CXCL8,2.447997248
SDSL,2.445347814
H2AZ1,2.443095506
GTF2IP13,2.441808646
DNAJC6,2.441586685
MT-TV,2.441361908
SLC11A1,2.44120281
DMXL1,2.43946213
ETS1,2.437942676
PRPF39,2.435326882
PDPR,2.435082246
RPL17P36,2.434698267
HCFC1R1,2.434542179
AGBL3,2.432985096
H2BC17,2.430501873
HNRNPUL2,2.430224499
MOB1B,2.428178609
SEL1L3,2.42721352
ITGAV,2.426730991
KEAP1,2.426152558
VDAC3,2.425599901
SH2B1,2.425570847
TBC1D8B,2.424927886
SOCS1,2.424838034
MALT1,2.422293498
ICE1,2.420243772
PDPK1,2.417113449
ZNF775,2.416916056
CDT1,2.412071677
EXD2,2.411260749
TNIP2,2.409471314
SLCO4C1,2.408311036
RAB6A,2.407007018
APOL1,2.404562539
CDKN1A,2.403577211
ANKRD54,2.401723432
GOLGA8J,2.400973452
UIMC1,2.393513008
KANSL1L,2.392833928
HDAC11,2.390534935
H4C15,2.389919581
STUB1,2.389699522
STARD9,2.389380232
EPB41L4A-AS1,2.388581488
ZNF22,2.388274893
ZNF277,2.388086821
GFPT2,2.387151832
HEIH,2.386269604
TBC1D10A,2.385605657
EXOC3,2.382649143
ARSG,2.380583449
DISP1,2.380560866
HNRNPD,2.380203077
ASB7,2.37954969
C2orf76,2.379177875
RPL17P43,2.378710839
HPCAL1,2.377508255
SEC61B,2.375236943
LMTK2,2.370530843
GATAD2B,2.370262851
CAST,2.369024795
GRB10,2.366328735
THAP11,2.366085699
SPRYD7,2.366050426
TYK2,2.36560752
NSF,2.365503745
SUGP1,2.364867212
NSD2,2.364676273
KXD1,2.364319305
USP36,2.364190901
DUSP2,2.36296676
RPSAP54,2.359875393
GEM,2.355598234
SMAP1,2.355495526
GTF3C4,2.352877889
FADS2,2.351742246
VPS37B,2.351098076
CA2,2.349534823
C17orf49,2.345940743
NPRL3,2.345771107
KAT14,2.345128577
ATP10A,2.344746851
SMAD7,2.339799182
ZBTB7A,2.339730029
CCNDBP1,2.339701124
SLC7A11,2.334128215
AMZ2P1,2.333919204
KDELR1,2.333374033
NCBP2AS2,2.333336443
SUDS3,2.332586096
ARMCX2,2.332503941
UNC119B,2.331518914
TRAF3IP2,2.331208969
THOC5,2.330641968
RN7SL767P,2.32991586
HSPA14,2.329788753
DUT,2.329286602
CUTALP,2.328343426
SLC25A26,2.327861103
MAP2K4P1,2.327544146
SAFB,2.325034149
PFDN6,2.324170881
RAB2B,2.323224423
LIG1,2.322338958
KRCC1,2.322260313
VNN3P,2.318115347
SMG6,2.317914829
LZIC,2.313668719
TDRD7,2.312714943
FCN1,2.312486693
MASTL,2.310217078
AEN,2.309359867
SERTAD2,2.308701027
TBC1D20,2.307673615
MTCO1P12,2.307340846
NOCT,2.30709748
INO80D,2.306766688
RHOT2,2.306645564
ZNF33B,2.306551584
ZNF629,2.306152693
RPS24P8,2.305852636
SVIP,2.305093341
HSP90AB1,2.305069931
RARS1,2.304201992
CSNK2A2,2.29979808
PANX1,2.299721131
RGPD3,2.299150775
NENF,2.297253219
ZNF761,2.295052414
ORAI3,2.294912567
NEK7,2.294379915
SQSTM1,2.29376464
KLC4,2.292187671
TMEM39A,2.290983251
PPP2R5CP,2.290402444
EEF1B2,2.289833789
NSFP1,2.28882872
AKR7A2,2.287907383
MBD3,2.285494098
ZNHIT3,2.285420195
TMEM258,2.285416901
SNRNP70,2.285372808
FDXR,2.28441858
PHF21A,2.284034166
EEF1B2P6,2.282718359
PKP4,2.282062761
TOB1,2.281181335
LINC01963,2.278194221
SAMD14,2.273418208
SLC16A6P1,2.271826019
ZNF580,2.271637755
SEC62,2.270941906
KBTBD2,2.269399404
TMEM167A,2.268401326
LRCH3,2.268053991
LSM2,2.26656078
GPR183,2.266028597
WASHC3,2.265613555
NR3C1,2.262161566
NDUFB4,2.261729611
C1orf43,2.261660324
IL18BP,2.260005573
ST13P4,2.256906591
HMGN4,2.256022851
PKIA,2.255843884
JAK3,2.255515527
FAM210B,2.254241084
LINC02384,2.254017685
FZD1,2.253379544
CAVIN4,2.25243625
RGPD1,2.248826117
HAUS6,2.248771447
PSMB7,2.248395296
PQBP1,2.248114724
CUL3,2.247202085
SYNPO2,2.244559363
SRGAP1,2.244194582
CDK19,2.243018803
ALDH1L2,2.242973092
AGRN,2.242637949
CLEC5A,2.241180146
CYP1B1-AS1,2.239381755
SP1,2.238934083
XRRA1,2.238344906
ZNF790,2.237275506
ARRDC2,2.236225261
CCDC124,2.233825301
ZNF26,2.232992131
MVP-DT,2.232720323
PTGIR,2.231578058
BCL2L2,2.230120916
THAP12,2.229542895
PIAS4,2.227217883
NDUFA2,2.227123909
TMSB4XP1,2.22572015
MESD,2.22502918
TENT4B,2.223200497
KIAA1143P1,2.223033679
PURA,2.222580946
DHDDS,2.221692119
PPP4R1L,2.220127692
RBX1,2.219181874
SUMO2P17,2.21822621
PATL1,2.217853589
RNF126,2.217315662
TJP2,2.21712833
PPIAP29,2.216010324
JAK1,2.215415893
HP1BP3,2.215094897
MKRN2,2.214865038
TUT7,2.214685694
HRAS,2.213545704
HNRNPA1P10,2.21106323
RPAP3,2.210988454
ANKRD49,2.210824124
YPEL5,2.210690486
MANBAL,2.210355913
TAF5L,2.209540642
BTBD8,2.20702098
BCLAF1P2,2.206034417
CNNM3,2.205916104
SETD2,2.204864563
ALG2,2.202710368
PRPF6,2.202689664
RCOR3,2.202568817
AKT1,2.201562635
NR4A1,2.200879249
TTBK2,2.1992611
MYLK4,2.198931914
CAMSAP1,2.198769897
ELOA,2.197174868
APOL2,2.196528693
SLC35B2,2.19539271
RELB,2.195156757
SMARCA5,2.191509599
BMI1,2.18777197
WRAP53,2.187036108
HNRNPA1P8,2.185733819
CDK7,2.185710594
RPS27L,2.185276125
KDM2B,2.183266395
MED28,2.183248652
ODR4,2.183063985
SEMA4B,2.182395253
TMED4,2.177374558
FRRS1,2.17589486
ADORA2B,2.175730668
UBXN4,2.173084633
SPINDOC,2.172283327
TRIOBP,2.170611618
ZNF221,2.169012296
SYNJ2,2.166624572
CNOT6L,2.166613927
IBA57,2.16657069
PIP5K1A,2.165690014
RAPGEF1,2.164288801
VRK2,2.164118531
STK11,2.16409926
EAPP,2.163676661
CLASRP,2.163030618
HNRNPA1L3,2.162061148
PEX26,2.161349382
LSM14B,2.157468572
NDUFA3,2.156601507
NELFE,2.155911458
XAB2,2.155500694
ZNF236-DT,2.155401322
HNRNPA1P4,2.152555413
NRDE2,2.150505403
SF3B2,2.148624976
PTPRF,2.148380567
SLC25A29,2.148140144
NPR1,2.148001186
THAP4,2.14548408
TNFAIP2,2.142065092
MRNIP,2.141184859
ZNF274,2.140068628
C19orf53,2.139620592
GSTM3,2.13830474
AKAP8L,2.137921128
TAF6,2.136807511
GCN1,2.135967597
BPTF,2.134983476
LINC02541,2.134013488
BCL7B,2.133964807
LEPR,2.13379934
UBA6,2.132622967
A2M,2.132515754
GANAB,2.132212672
ASB1,2.131980737
GTF3A,2.131773509
ATF4P4,2.131660543
EXOSC4,2.131176261
MZT2A,2.130813832
PKD1P3,2.129205917
THAP2,2.129041772
C11orf54,2.126718589
STARD7-AS1,2.125210813
SCARNA5,2.123594565
LINC00598,2.123408611
TBCA,2.12325057
DNAJC11,2.122818518
H4C8,2.12052927
WTAP,2.119727571
CANX,2.118954084
POC1A,2.118091339
TCTN1,2.116762569
ZBTB4,2.115823264
RPS13P2,2.115433583
MT-ND1,2.114744459
NFIA,2.113323591
SNHG1,2.112352446
RFPL1S,2.112196939
PMP22,2.1119759
PRKAR2A,2.109453842
ICAM4-AS1,2.108841872
CTSF,2.107665713
PDE7A,2.106863358
TJAP1,2.105545733
RPL13P12,2.104644979
FKRP,2.103579446
SSU72,2.103248774
RAB8A,2.101230504
CCL19,2.100886266
GALC,2.100502912
DPY30,2.100279399
DPH5,2.099553977
RFX7,2.098129735
GREM1,2.097684784
ZBTB24,2.093850814
SMG1,2.09308413
INSM1,2.092932362
MEX3D,2.089748741
APLF,2.089334153
FABP5P7,2.088781516
LUC7L3,2.088777899
PPP1R9B,2.0884625
GPR153,2.087929595
SRSF11,2.08663469
NACC2,2.085851873
DDX51,2.085280867
SNAP47,2.084462413
MUC20,2.083505974
XPNPEP3,2.083420524
NFKBIA,2.080414147
PKN3,2.080384947
EGR1,2.080037837
AQP9,2.077965049
PEX11B,2.077520734
BBC3,2.076371709
ELF2,2.0760204
TMX1,2.075641661
PHC1P1,2.072445365
TAF1,2.072302121
BCKDK,2.071981364
MT-ND4L,2.070841389
IFIH1,2.070553468
CD247,2.069195297
SDHAF1,2.069043226
SFT2D3,2.068903691
CLINT1,2.068578337
CDK13,2.068035096
ZNFX1,2.067974036
DNAJA2,2.066540996
PIK3R5,2.065393721
IZUMO4,2.065254468
CCDC77,2.06490275
RBM4B,2.063503395
H4C14,2.063244225
PAN3,2.06123133
NACA4P,2.060690528
RAD23B,2.060534775
TPRN,2.060012842
PIEZO2,2.059433927
BRAP,2.057855882
RBM6,2.057568796
CACYBP,2.051621424
RPL7AP31,2.051057695
FNBP4,2.050402915
WARS1,2.050261706
RPS18P9,2.05022273
SLC25A3,2.047867993
NEIL2,2.047605369
PSIP1P1,2.047598841
ABCB7,2.046225884
GLTP,2.046127539
H4C5,2.046107853
TYW5,2.045694318
RGPD2,2.044744613
EIF4EBP2,2.044172471
SMN2,2.042940899
ULK4P3,2.042037399
G6PD,2.040481953
TFDP1,2.040332561
WDR82,2.040315497
FAM220A,2.039431874
DAPP1,2.03878155
SZRD1,2.037632295
MLF2,2.036852099
C4orf46,2.036358485
HYAL3,2.035719485
ZNF426,2.035182525
HLA-H,2.033204105
THG1L,2.032106431
GPR171,2.030264093
SEC14L1,2.029332286
BCL7A,2.028749876
NAA25,2.027906867
BRD4,2.027719685
SHB,2.027191214
MEPCE,2.026516694
RPL17,2.024093482
PHLDA3,2.023128631
DLGAP4,2.022987709
BAG2,2.022474447
SETBP1,2.022299456
ARAP2,2.022210549
FTH1P7,2.0221424
SNRNP25,2.022129963
IGIP,2.021611524
ZSCAN22,2.021025325
SESN2,2.019883457
MTND5P32,2.01879906
TTC39A,2.018590016
ERCC3,2.018473347
BTBD11,2.018442678
ZMYND15,2.017976365
RC3H1,2.016588759
DYNC2I2,2.015047865
H2AC6,2.014460073
GNL3,2.01391966
MAPK1IP1L,2.011479737
PKN2,2.010068797
RPL3P2,2.009236937
ZNF846,2.008861455
SPTSSA,2.008320793
C19orf12,2.00747058
ATG9A,2.007384966
ERCC6,2.006910766
POLR2D,2.006863285
RDH14,2.006501239
JMY,2.006102312
ANTXR2,2.005577309
CDCA5,2.003611439
SART1,2.003463167
SLC30A4,2.003432956
PSMC1P9,2.002940239
STX2,2.001459837
TRIM62,1.999595906
HDGFL2,1.99871951
PPP4R3B,1.99700356
NDUFS4,1.996700966
MRS2,1.996496075
HMGN2,1.99583894
GMPR,1.994872777
MZT2B,1.990607229
NUDCD3,1.990558901
BCL2L1,1.990001303
POLL,1.989887255
ULK4P2,1.98891099
RPS4XP11,1.983860527
CEP250,1.982648364
NAMPT,1.980268654
NAA50,1.979848822
HSD17B4,1.978707363
USP7,1.976956855
COPS2,1.97561115
ZNF563,1.975066614
KIF2C,1.974893413
UBE2M,1.974183525
DEK,1.973580016
PTPRJ,1.97312445
HLX,1.972913833
PIAS3,1.970569215
BAZ2A,1.968638041
PPIF,1.968516287
EPDR1,1.966648165
YPEL2,1.966461188
ACOT1,1.965154913
GABPA,1.965147627
NPIPA9,1.964933401
C2orf68,1.964095204
FBXL15,1.962333536
CCDC120,1.960470605
CDC73,1.959324419
NXPH3,1.958554033
GNE,1.958549573
BLOC1S4,1.958051572
DHX40P1,1.957660346
DYNLT3,1.957380615
OSBPL9,1.956362773
YWHAE,1.952750944
RNF10,1.950606978
SH3BP5,1.947234977
HERC5,1.947107072
APOOL,1.945729946
RB1CC1,1.944189513
RNF40,1.944047115
TFIP11,1.943739635
HIGD2A,1.942301602
INTS13,1.941975672
BEX4,1.941099878
GATM,1.940122662
GEMIN4,1.936065406
CIB1,1.934945793
BIN3,1.933500096
NDP,1.933249391
TRAC,1.932795175
SP3,1.932321057
NOTCH3,1.928553818
MAN1B1,1.927991254
TNPO2,1.92713549
TTK,1.926214584
PURB,1.925850431
TDP2,1.925848521
PLCB3,1.925136803
SRSF4,1.924855573
ATRX,1.923247684
DPYSL2,1.92290138
HERPUD2,1.921891471
H4C6,1.921846136
CDC42P6,1.921061316
STOML2,1.919175627
ZNF518B,1.917662657
TBX19,1.917467736
GABARAPL2,1.917422126
NSMAF,1.91538897
WDR6,1.915267053
RCE1,1.913720435
BORCS5,1.909751599
PITHD1,1.908853677
RBM43,1.908673505
ALMS1,1.908027715
RPSAP15,1.90747538
PYM1,1.906850375
LINC03009,1.906780021
NAA38,1.906113373
FKBP3,1.90471588
BTBD2,1.904535422
BORA,1.904052952
DUSP1,1.903280014
STAG3L3,1.90303609
REPS2,1.902957481
FNTA,1.90274522
RBM10,1.90215835
DLGAP1-AS2,1.901422715
ARIH1,1.901079237
TTLL3,1.900587174
DCP2,1.898702978
TMSB4XP8,1.896345842
ZNF134,1.894936716
ZCWPW1,1.89459494
SLC35A3,1.894315436
RPL41P1,1.893871784
PTPRA,1.893846921
CBX4,1.89327353
AFAP1L2,1.892966247
ZBTB20,1.890673753
CHD7,1.889825669
EZH1,1.889399739
SLC16A6,1.889286256
ACIN1,1.888205537
ANP32A,1.886001761
TCF19,1.885993704
IGFBP3,1.885673578
C10orf95-AS1,1.885072836
ATF1,1.884509893
RNF114,1.882818371
PDPK2P,1.882617216
TMEM38B,1.882160008
ENSAP2,1.881358125
RPS15AP38,1.880502089
ZNF286B,1.879715007
TPR,1.878863883
SSNA1,1.877451445
ZNF358,1.877329818
METTL16,1.87660066
H2BC6,1.875972701
BICRAL,1.875926752
CRLS1,1.875560674
H2AJ,1.874482619
PRMT2,1.873917207
CIZ1,1.873821292
ACER2,1.873469795
PLEKHA1,1.873093024
SSX2IP,1.872798324
HLA-E,1.87232911
H2BC4,1.872207802
SCAPER,1.871892108
DDB1,1.868810297
SPRED2,1.868467745
SCAMP4,1.867858981
LYSMD1,1.867694738
PTMAP4,1.867142047
SRP68,1.866021518
IK,1.865186768
CBX7,1.864594185
OIP5-AS1,1.864127748
MTCH1,1.863787444
AK9,1.863648652
PIAS1,1.862686272
CCNL2,1.861909686
HNRNPK,1.860854984
TES,1.86032386
OXA1L,1.85994388
EYA4,1.859281783
MAGOH,1.858842929
ZNF827,1.857552605
VWCE,1.856327919
TUBB6,1.855482319
CWC25,1.855255243
LINC01347,1.855230253
MCF2,1.854458207
AGO1,1.852959217
CHERP,1.852756502
STAG3L1,1.851260467
EXOSC6,1.851024011
SDS,1.848167183
HCG11,1.847489535
CXXC1,1.847112591
AFG3L2,1.845702778
NIBAN2,1.844541457
H3-3B,1.844535112
UBA6-DT,1.844213516
MICALL2,1.843892363
RNASEH2B,1.841893063
TMEM259,1.840970944
BSDC1,1.840371103
ETFB,1.83978128
MED4,1.839754596
LINC01358,1.839700683
NDUFAF8,1.839677949
FOXP1,1.839241284
MACROH2A2,1.838371469
SRSF8,1.838242259
CKS2,1.837484623
HK1,1.836978202
PTPN13,1.834763704
ZCCHC8,1.834162993
CPSF7,1.833979867
RN7SKP9,1.833949636
CEP135,1.832195741
SPTAN1,1.831416948
BCLAF1,1.831316768
ROBO1,1.830219851
METTL4,1.8297328
BRIX1,1.829161968
FMNL1-DT,1.82780841
ZNF652,1.827507108
SPEN-AS1,1.826943373
BCKDHB,1.826578263
ELF4,1.825765999
TAF7,1.825745307
EEF1A1P8,1.823585893
CNNM4,1.822955894
LTN1,1.82279525
CYTH1,1.822128106
DOCK3,1.822008613
ARID3B,1.820988163
ANKRD11P2,1.820831392
GSDMB,1.820372654
ZFAND1,1.820302609
FOXK1,1.819114336
SLAMF7,1.818106786
SIK3,1.815650482
IDSP1,1.815080493
STX11,1.814979092
CCDC106,1.813335052
PCYOX1,1.812707397
ST13P3,1.812542503
CCDC174,1.811862064
MAP3K10,1.811802847
TRIM28,1.811422222
SUMF2,1.811181043
TSTD1,1.810778934
BTG3,1.810544314
TM2D3,1.810210734
RANP1,1.809168359
IP6K1,1.807664707
TMED1,1.805520981
RNF8,1.805406533
NUP58,1.804170387
TTC28-AS1,1.803687369
IAH1,1.801593282
ZNF544,1.800874522
HMGCS1,1.800800367
ATG4D,1.800739699
CLUAP1,1.799092873
PELO,1.798653576
ZMAT3,1.798498632
GALNT3,1.798490033
TMEM71,1.797376143
DHFR,1.794552066
MTND2P28,1.79450302
CLN8,1.794157547
ING2,1.791744714
ITGA3,1.791324153
ABCA10,1.791196917
EIF2AK4,1.791109502
RPL35P2,1.789393142
MIR1282,1.789020168
H2BC19P,1.788608003
GTF2IP20,1.787832935
DYRK4,1.787070684
C9orf129,1.786901585
SAMSN1,1.786730286
PHF12,1.786390554
POGZ,1.784287232
PRPF31,1.782222992
ARL5B,1.780250798
ARL8B,1.780155065
H2BC11,1.779365374
RPL13P5,1.776748918
FTH1P8,1.776552434
LRRCC1,1.776412422
RIC8A,1.775412236
PHIP,1.774291288
AKR1C1,1.774085632
GGACT,1.773019123
KPNA5,1.772897696
SLC24A3,1.772865974
SEMA4D,1.772507128
GLG1,1.772495743
LACTB,1.770116673
ZNF767P,1.767114328
CALCOCO2,1.766446751
PIK3R5-DT,1.765250912
SRSF5,1.764912533
ZC3H13,1.764414688
CLNS1A,1.764296476
AMACR,1.76107054
LPIN2,1.760567387
VPS8,1.760254064
CLDN12,1.759893966
RAB5B,1.759542525
ZNF598,1.758935061
SMC3,1.755616026
TIMM21,1.755562177
FTSJ1,1.754775154
TIMM10B,1.753311528
ERGIC3,1.752432242
GLIDR,1.752345742
PDE6B,1.752246139
HLA-G,1.752058017
NBN,1.75091552
ZNF260,1.750411195
LINC01270,1.749862202
CASTOR1,1.749292804
HARS1,1.745870941
BET1L,1.745222177
TMEM67,1.74493131
TMOD1,1.743931023
APOBEC3G,1.743909619
NUDT4,1.742812499
CUL9,1.742765334
LINC01410,1.742220755
ARRB2,1.740431108
SDHAF2,1.739982437
OPA3,1.739696307
EFCAB2,1.738551452
HGF,1.738494621
TBK1,1.737859946
RBM17,1.737153767
LINC01619,1.736714931
NUMBL,1.735157572
WASL-DT,1.735115687
FTX,1.733497093
ZNF248,1.733280136
GPHN,1.731301022
PRPF8,1.730181715
SQOR,1.729236504
ZNF592,1.728213102
PPIAP11,1.728075155
ABHD17C,1.727207503
NAA30,1.726248741
H4C12,1.725717604
CEP89,1.725651161
ATAD5,1.725447429
SRSF3,1.72486648
LRRC58,1.723896043
RPAP2,1.722687765
SLC35E2A,1.721754347
BSCL2,1.721067517
TCEAL3,1.721056845
RBL1,1.720848375
CNN3,1.720616903
ZMYM4,1.71833818
BAG1,1.718115488
UQCRC2,1.717355325
EED,1.716390148
OSM,1.716101135
UBAP1L,1.715931339
MRPS21,1.715576884
TRIP6,1.714382125
SPSB3,1.712094008
GPC5,1.710704024
DTYMK,1.710478385
BRD8,1.709573334
TAGLN2P1,1.706855401
ZADH2,1.706525834
LYSMD3,1.705110584
INTS11,1.704791159
INTS6,1.70463333
FTH1,1.704559144
MYO9B,1.70420725
RAD51-AS1,1.703206151
ING4,1.702707711
GOLPH3L,1.702452357
MTA3,1.701814908
CYC1,1.700146155
BISPR,1.700010909
MTHFD2,1.699163732
TOX4,1.698731473
VAPA,1.698646102
SLC25A30,1.698187703
IRF1,1.697162612
GOLGA8K,1.696921749
EIF1P7,1.696853071
CCL17,1.696715933
B4GALT4,1.696632486
IFRD1,1.694840937
PTMAP11,1.694838323
PPP1R3E,1.694636934
RN7SKP79,1.694025588
FAHD2A,1.693591957
METTL15,1.693113619
FOXD4L5,1.69242989
POLDIP3,1.691649447
THAP3,1.690860597
SMIM20,1.690664369
AP5B1,1.688648722
NCAPG2,1.688347254
IL10RB,1.686013876
MRPL45P2,1.6854656
STX10,1.684438331
H3P36,1.682667153
PMM1,1.682274499
SMC4,1.681339011
PPM1A,1.678872083
DCAF10,1.678756502
SBF1,1.677188788
RGCC,1.676815607
ATXN2L,1.676776872
YJEFN3,1.675753954
ARF6,1.675494067
FMNL1,1.675354116
TANC2,1.674078438
ISOC1,1.673292991
TMEM208,1.672380224
ABCA5,1.672203517
TMEM14C,1.672113634
ZNF2,1.672039179
WNT2B,1.671086611
SLC6A6,1.670969401
ODF2,1.669572346
FAM200A,1.668597613
SLC25A53,1.668503395
EIF4A3,1.668458855
MIR4435-2HG,1.668057856
MRPS2,1.666813835
ABCD1,1.66656792
GFPT1,1.665511218
ABHD5,1.664534227
UQCRQ,1.664240929
IL1RN,1.663735819
KIF21A,1.663052495
ZNF263,1.66103342
SPATC1,1.660386224
ZKSCAN3,1.659293006
MRPL20-AS1,1.658823461
UBA1,1.657930366
SPECC1L,1.657540784
MBNL1,1.655734269
ITPR3,1.654222316
DCP1B,1.653227328
G0S2,1.653207384
PARPBP,1.652984517
DTWD1,1.65208419
HMGN2P6,1.652047793
CHASERR,1.65092303
GOLGA6L5P,1.650337152
PCMTD2,1.649890255
TMEM143,1.649463525
FTH1P5,1.647890519
MED10,1.647811651
PHACTR4,1.647527886
RAMAC,1.646689779
TMEM101,1.645113611
KIF2A,1.644063316
PSPC1P1,1.642996936
ZNF585B,1.64256551
YWHAG,1.642235243
GNB1L,1.641094558
ZNF41,1.640875207
XKR8,1.64066712
MIR34AHG,1.640217017
PPP1R17,1.640026136
PSMC1,1.639620324
SCAF1,1.639190727
RHOB,1.638638622
C1orf21,1.638028156
RNU6-6P,1.637828799
PPP1R21,1.637454603
COLQ,1.635659039
DNAJA3,1.635620116
METTL25,1.635552962
INAFM2,1.635487186
IGSF8,1.635306107
PCNX4,1.635177151
KCTD9P1,1.634502441
CSRNP2,1.633963178
TMSB4X,1.632612103
DLAT,1.632472245
NRBP1,1.632183223
NFE2L1,1.631365746
PEX16,1.630126645
TRA2A,1.629715893
CCDC47,1.629172984
PSPN,1.629093962
DNAJC21,1.628519275
ZNF619,1.628007355
FAM219B,1.627895381
TMEM41A,1.627827705
CHRNA7,1.627084213
SAP30BP,1.625042157
USP34,1.624400261
MDM2,1.624003661
ZSCAN18,1.622974316
ZSWIM1,1.622785024
PET100,1.622623353
AAMP,1.622359012
GPATCH2L,1.622261974
CCNT1,1.621625705
MMD,1.621451112
MT-CO3,1.621359444
MT-CO1,1.621352868
XPC,1.621339466
TRIM39,1.621327148
CCDC117,1.620793033
PPM1K,1.620498795
USP48,1.620184616
NOP14-AS1,1.61949346
TXNDC11,1.619167604
EI24,1.619132338
SPAG9,1.618893606
ZNF19,1.61770543
VANGL1,1.617620719
RCSD1,1.617364396
TBC1D17,1.61714518
PLK2,1.617032812
MMS19,1.617007556
CDC42BPA,1.616205611
MRFAP1,1.615891839
ZNF48,1.613828391
GTF2E2,1.613595944
ST3GAL3,1.613003951
PUM1,1.612908176
CCNF,1.612710179
MIR142HG,1.610849398
ZNF137P,1.610723937
SPART,1.610422234
RUVBL2,1.610300383
RPL23AP7,1.61000081
NPIPA1,1.608726653
TRIM56,1.608405682
FOXJ3,1.608175073
AP4E1,1.607543796
CEP19,1.606140724
AKAP17A,1.605016109
PDE4A,1.604193554
PRAME,1.603512801
MTO1,1.60251701
PROCA1,1.599165385
GAB1,1.598310242
DNAJC9,1.598140251
ST13P19,1.597456837
CARD19,1.594846031
PHF1,1.594584981
IKBIP,1.594510105
TRIM26,1.594028132
TAF11,1.593745165
TRMT1L,1.593296221
PDCD1LG2,1.593084085
CCDC90B,1.592170188
ACOX3,1.591909791
HNRNPK-AS1,1.591622229
TXK,1.591429625
FOXD4L1,1.589741598
APOBEC3H,1.58839512
RAD21,1.588005892
CEP85L,1.586994156
CYBRD1,1.586658093
CREM,1.586228944
RPL10A,1.585377627
RHBDL3,1.584068527
EPC1,1.583970359
ST13P7,1.58364757
TSC2,1.583285089
MAPK8IP3,1.583208984
ECI1,1.58249714
GABPB1,1.582110969
TMEM120A,1.581933847
NMT2,1.58149954
PRKAB2,1.578833324
TNRC18P3,1.577414299
MGAM,1.577093714
NFKBIL1,1.576542605
PEX13,1.576157039
TIMM22,1.576040083
MTND4P12,1.575847931
PPP1R15A,1.57554797
TC2N,1.575157782
SNHG12,1.57493962
TMEM9,1.574270664
GADD45A,1.574223679
RPTOR,1.573965578
RBM15B,1.57357519
SNN,1.573308343
TRAFD1,1.57261532
CLK4,1.572063789
NOP58,1.57075886
PAK4,1.569923851
TIMM17B,1.568265948
LINC01814,1.568216009
CHRFAM7A,1.566626643
TRABD2A,1.566616629
RNF216P1,1.564401753
SNRPC,1.564087007
PIP4K2B,1.563677622
SLC50A1,1.563019999
OLA1,1.562686987
PLPP1,1.560241017
CHMP1A,1.558942686
DERL1,1.558628971
LRSAM1,1.558109088
RTF1,1.555164383
PGAP2,1.553424361
PARP4P2,1.553414912
NPM1P32,1.55208986
FUT4,1.551221009
MAGOHB,1.550563295
TBPL1,1.549896786
PRUNE1,1.549572736
SUPT5H,1.548527594
MAP2K2,1.547189691
ASXL2,1.546416817
SEPTIN7P13,1.544472787
UBE2G2,1.543527523
FARSA,1.543247473
FBN2,1.543161789
GNAI1,1.542684277
ZNF516,1.542386366
TRIAP1,1.541190593
MEIS1,1.54084191
LAS1L,1.540566092
FBXL12,1.540302158
ZZEF1,1.540050893
DNAJB6,1.54004943
NCBP2,1.539086217
IFNAR1,1.53631248
AHR,1.535678034
ERBB2,1.535569787
DIS3L,1.533862055
ADCY9,1.53361548
RNF11,1.53178592
FAM76B,1.531749605
NPIPA3,1.531489643
RCAN3,1.531405724
AAMDC,1.531025683
TMEM44-AS1,1.530615372
OASL,1.529650545
AHI1,1.528270063
ZFP82,1.527097361
MAP7D1,1.526307638
CCDC115,1.524800262
COG3,1.523936019
RARG,1.523932221
MBD2,1.523625622
IFT172,1.523589837
NID2,1.523193558
GUSBP18,1.522774334
BTBD9,1.521984864
YDJC,1.519929489
UBALD2,1.51978942
HAGH,1.518738841
YWHAZP3,1.518563484
USP20,1.51750317
GOLGA8H,1.517276713
TMEM64,1.516728698
ZSCAN12,1.516379971
PMPCA,1.516199966
ZNF71,1.515370364
BCAT2,1.514695038
PSMC1P1,1.514028209
DUSP5-DT,1.513582596
TNFAIP6,1.511428104
STX1B,1.507758662
PDHB,1.507754127
PPAT,1.507602414
TMEM107,1.507538245
MIS18BP1,1.506674939
PFDN4,1.505510176
BTBD6,1.504734662
GRAMD1A,1.502992956
MGC16275,1.502705309
SDHAP3,1.502684721
IFT46,1.501626298
EIF4A1P2,1.500969855
MAP3K2,1.500289821
TUBD1,1.498918969
NABP1,1.497812382
BOLA2B,1.49705333
RANBP9,1.496673378
SLC9B2,1.495357009
HPS3,1.494495591
NHSL2,1.494263013
ZNF124,1.494210157
FAM229A,1.493844435
CLASP1,1.493416219
PHYKPL,1.492935472
WDR5,1.492796049
PPP2R2D,1.492480863
NME3,1.490517286
RTRAF,1.490161382
PSMC3IP,1.490132399
FAM13B,1.489629427
ZNF627,1.489581408
NDUFV1,1.489195952
RPS3AP47,1.488949221
MYCBP,1.488736085
CKS1B,1.48812826
ATP5ME,1.487574623
HERC1,1.48704169
TSR3,1.486092326
EPRS1,1.485571516
KPNA4,1.485302226
HERC4,1.484551065
PEX14,1.484387046
NCBP3,1.483707658
PPP2R5A,1.48211852
ZC3H4,1.481039258
CWC15,1.480836319
ENTPD3-AS1,1.480622732
SLC37A2,1.480456665
PTMAP8,1.479937628
PIM3,1.479532648
LSM12,1.479421983
TPRKB,1.479298532
THRAP3,1.478591437
LRPAP1,1.478477797
TATDN1,1.478037875
NPHP3,1.477847733
HCG20,1.476808696
ABCC4,1.476553873
FSTL1,1.476197396
ATP5F1E,1.475971961
KHDRBS1,1.474983869
SNHG16,1.47184688
RSRP1,1.47181932
EIF3I,1.471081387
ZBED6,1.469603223
RNF115,1.468080177
RPP25L,1.467717272
NPIPB8,1.467380606
MELK,1.467157288
AVEN,1.465844613
ZNRF2,1.465329785
H1-0,1.463056791
MT-TI,1.46283557
RXRB,1.462683165
CDK11B,1.46191873
ADPGK-AS1,1.461303465
ZNF14,1.460949137
CCDC125,1.460736413
MED31,1.459573779
TUBGCP6,1.458656281
RPS29,1.458128213
ZFP64,1.457447015
PRX,1.454777632
ENTPD1-AS1,1.454473162
ZNF630,1.454114573
NOA1,1.45409889
RAB22A,1.453444733
LBHD1,1.450772022
FAM98B,1.448926559
ZNF432,1.448439408
CD200,1.447154057
GRINA,1.446655801
DCTN5,1.446315496
YPEL4,1.445093733
DENND1B,1.4426438
TFB1M,1.442336204
WASF4P,1.441658951
TMEM187,1.441211174
TBC1D3B,1.440844308
POLG2,1.440683994
C19orf48,1.440681264
PHF13,1.439631929
POFUT2,1.437592415
BAP1,1.436629321
MIER1,1.435417611
SNX29P1,1.435174344
HNRNPUL1,1.434609309
GIHCG,1.434035365
ERH,1.433686071
ARL6IP1,1.43345653
H2BC20P,1.431384208
FAM110B,1.428908903
RPP30,1.428032267
SERTAD1,1.425233596
EEFSEC,1.424615104
MOSPD3,1.423026756
ISCU,1.422378484
EMG1,1.422079807
ZNF532,1.422027363
JARID2,1.419952433
ARHGAP32,1.419826849
MT-ND2,1.419218364
HYI,1.418103388
FBXL18,1.417952545
RANGRF,1.417280884
BMPR2,1.415465842
UFM1,1.41530207
ACVR2A,1.415216343
KBTBD4,1.414282669
C2orf49,1.413913914
CREB1,1.412616209
UBA5,1.412111095
AGO2,1.411007112
CTDNEP1,1.409963122
TUBBP1,1.409629484
CTC1,1.407989028
ACP6,1.406294934
NDUFS5,1.405963775
UBXN2B,1.405714631
GINM1,1.405638866
TMUB1,1.405245705
YWHAQ,1.405146482
ZBTB14,1.404078342
RPL7AP50,1.401442164
MLLT10,1.40069229
GAB2,1.400100177
GOSR2,1.399382562
METRNL,1.399186834
SP4,1.398808908
RRM2B,1.398664773
MDFIC,1.398272999
ZNF687,1.398253671
EIF2D,1.397539104
SNHG7,1.395921881
BLOC1S6,1.395581261
SIL1,1.395261418
ATAD2,1.394890346
SUMO2,1.393872229
FAM32A,1.393009616
MAMLD1,1.392311546
AK8,1.391296187
THAP7,1.39068333
SPAG5,1.389345052
LINC01355,1.388977801
IFFO2,1.387975136
AIFM2,1.387825079
USF2,1.386740216
ANAPC5,1.386254814
HES1,1.38609608
HNRNPC,1.385737386
HSPE1,1.384942365
PRXL2C,1.384692187
NPIPA7,1.384235645
CCDC154,1.384118031
FAM234B,1.384104304
IPO7,1.383825189
FTH1P12,1.382319298
ZSWIM8,1.381838272
ENDOV,1.381393837
VHL,1.381329194
ZMYM3,1.380801307
NAA80,1.379616139
HNRNPH3,1.379181322
CDC42EP1,1.379104101
CSGALNACT1,1.378941796
PKD2L2-DT,1.378708104
RAB34,1.378470089
CCDC28A,1.377649624
SFR1,1.377072066
DYM,1.375195667
LINC02591,1.375190924
PAFAH1B2,1.374476385
RPS3AP21,1.373133833
FAM174C,1.372700782
RETREG1,1.370957797
CEP44,1.370945314
PAX8-AS1,1.369584536
ADO,1.368878337
CENPB,1.368855266
WASL,1.368602302
CLDND1,1.368434148
RELT,1.36644358
PHKG2,1.366268598
SCYL1,1.36613976
RBIS,1.365261571
CUL4B,1.36507919
C11orf58,1.364546452
SMG1P5,1.363618616
ZSCAN16,1.358403998
TMEM170A,1.357284506
ODF3B,1.356848631
FUT10,1.356215518
ZNF76,1.354781908
ARID4B,1.35477229
FARP2,1.354754844
TNRC6B,1.353770857
MZF1,1.352421188
DEGS1,1.351459638
IST1,1.350408576
BSG,1.349274997
F8,1.349066341
PRDX5,1.348898818
ZNF576,1.346959231
U2AF2,1.346922376
ACADS,1.346631794
RPA3,1.345846295
HDAC2,1.345689879
ENOX1,1.345142917
ZMAT1,1.345034158
LINC02035,1.344856485
ZNHIT1,1.344156727
VSIG10L,1.34348113
RIPK1,1.341726365
ZNF264,1.340822605
SIRT1,1.340354576
PGLS-DT,1.340096048
SERBP1P1,1.339798622
BLOC1S3,1.33913319
PPIL4,1.33892469
NEK1,1.338743265
KIF20B,1.338625569
IRAK2,1.338298208
NDC1,1.338095617
SERBP1P5,1.337670002
KRT10,1.336351438
BTN2A1,1.336283602
KIAA1958,1.335997292
ISCA1P1,1.335871703
MBNL2,1.335307929
PDGFRA,1.335089345
NAA35,1.335022049
CUX1,1.334969736
NACC1,1.334119155
CHMP4B,1.333678485
MIER3,1.333659141
FRY,1.332475857
SUMO3,1.331793103
NR1D2,1.3308342
PAPLN-AS1,1.330522935
REX1BD,1.330366815
UBOX5,1.329453477
ERMP1,1.328579849
MTIF3,1.328500784
XYLT1,1.328182538
SREK1,1.326941543
RPL32P18,1.326587115
TLE1,1.326247042
TPGS2,1.325745315
CDC42EP4,1.325255352
NBEAL1,1.32523346
MICALL1,1.324995679
ZRANB1,1.324043969
TBCC,1.323638856
ZNF584,1.323147332
ST20-AS1,1.322755807
ZNF286A,1.322531517
ITPR1,1.321926321
CLDN23,1.321785551
MEF2D,1.320687878
GDI1,1.320519855
TREML1,1.318225873
CHSY1,1.31763163
SH3YL1,1.315448301
SMCHD1,1.314615872
NT5M,1.314360253
DUSP12,1.313885746
SGPP2,1.313580769
FAM228B,1.311806179
UPRT,1.31112418
ADNP,1.309190116
SUMO2P1,1.308893169
OSBPL3,1.308598925
PPP1R2B,1.307787394
TP53I3,1.307394565
METTL14,1.307225421
HNRNPA3P3,1.307190153
CBLB,1.307076964
PKD1P4,1.306518518
SCAND1,1.306015912
CREBZF,1.305584709
AKAP7,1.305291026
USP53,1.304924141
CEP128,1.304732772
UTP25,1.30396071
RPAIN,1.303808274
CDK9,1.303674422
TTC21B,1.303154634
AHSA1,1.303131625
ATP5MK,1.302627447
UBFD1,1.3022901
POLR1H,1.302178831
VPS4A,1.300004881
ZSWIM9,1.299247086
UBQLN4P1,1.298300847
PAPOLG,1.297512895
BACH2,1.296904339
DKC1,1.296672902
GTF3C2-AS2,1.295969023
MAP4K5,1.292632048
HSD17B1-AS1,1.292628652
OGFRL1,1.291069842
ANKIB1,1.290701838
RCC1L,1.289872912
ZNF343,1.289059238
CDKN2C,1.288347991
FAM174A,1.288135479
SS18L1,1.288063753
LMAN2L,1.287771882
TYMP,1.287325788
STAG3L5P,1.287108017
BAHCC1,1.286686612
AMMECR1,1.285593008
BUD31,1.284759741
ADPRH,1.284619323
GOLGA6L4,1.284250174
TUBG2,1.283561455
LMLN,1.28242636
IL12RB1,1.281129547
AP1M1,1.279125071
RPL32P16,1.278887535
FTH1P10,1.278676898
PIM1,1.278676133
NBPF14,1.278030304
CCDC17,1.277902876
HPS6,1.277661736
BCLAF1P1,1.277427177
TMEM250,1.27661311
COQ5,1.276573689
ZNF224,1.276361324
ZFX,1.274394936
KMT2C,1.274382638
RPL23AP65,1.27388155
APOBR,1.273787133
RPA1,1.273504972
PPP1R3F,1.27303267
TCEA1,1.272609844
NUP214,1.272519529
PICK1,1.272144656
KTN1,1.27186623
RPS6KB1,1.27162609
ZNF843,1.270622312
KPNA6,1.268959895
HIC2,1.268044983
SRP14,1.267250346
PML,1.266834209
CAPN3,1.266264394
ZNF70,1.266207035
SLC25A37,1.264703537
RAC1,1.263865941
IP6K2,1.263811341
TBRG4,1.263355823
ZNF251,1.262998148
ITPRID2,1.262796669
TSPOAP1-AS1,1.262542904
CNOT4,1.261967796
ZMYND8,1.26097014
PLCXD1,1.259694462
CCDC157,1.259617951
ACP5,1.259112845
ERP29,1.258722023
SEPTIN14P5,1.257713302
CNOT7,1.257293885
LIX1L,1.256537233
PSPC1,1.255169914
TMEM135,1.253867846
ZNF865,1.253439561
ZNF615,1.250017618
ZFP92,1.249744913
RPL21P11,1.248823486
LMAN1,1.248422012
ZBTB22,1.243015989
ARSK,1.24245622
SHMT2,1.240515458
CRYBG3,1.239340058
VPS54,1.237988668
HDAC2-AS2,1.236688913
PTGER2,1.236329538
MTCO3P12,1.235911245
OPN3,1.235165345
ZNF778,1.234425729
RIT1,1.234177548
TMOD3,1.234009768
NAXD,1.233959141
RPS6KA1,1.232806166
ANPEP,1.232452066
PRMT5,1.231098701
YJU2,1.229302475
HAUS2,1.229266417
ADNP2,1.228516298
RICTOR,1.227734573
TIAL1,1.227589803
PDLIM4,1.226490975
NPEPL1,1.225303443
GFM2,1.224220616
GLT8D1,1.224014812
GPN1,1.224007745
MT-ND6,1.223411336
RUNX1,1.223333665
PSMC6,1.223099251
MRPS34,1.221451009
DCTN1,1.221311114
PSMD10,1.220839753
TFDP2,1.22082292
SNX25,1.220030849
MAZ,1.219255483
REPIN1,1.219037317
UQCC1,1.218471941
ST13P18,1.218366794
MT-TM,1.218326221
STRN,1.218059304
C1GALT1,1.217529803
MED9,1.216879645
RASGEF1A,1.215815306
BET1,1.215739659
EIF2S2P4,1.215561471
RAB40C,1.215534703
ING5,1.213775261
PSMD6-AS2,1.213403333
GPATCH8,1.212774955
ACTR3C,1.211283526
MRPS6,1.210810503
CFP,1.210684788
ADAR,1.20939666
NMRK1,1.208969806
IFNLR1,1.208929987
SH3KBP1,1.208129256
TNFRSF14-AS1,1.207378987
FRA10AC1,1.206017548
H2BC12L,1.203188027
UBE2J1,1.20281735
YTHDF1,1.202055935
RABL2B,1.201816377
YWHAZP5,1.201735799
STK35,1.199781009
C11orf1,1.198639587
MAFG,1.198309583
ZNF33A,1.19763414
STX6,1.196136212
MRPL50,1.195134371
ACSF2,1.194899074
CACYBPP2,1.194517219
STIP1,1.194269098
PEX3,1.193099461
MAIP1,1.19285552
TIE1,1.192629803
RNFT1,1.191293418
PANK1,1.191237174
HYLS1,1.190893519
UGDH,1.190863201
MORN1,1.189762496
PPP1R37,1.188486849
GALNT2,1.187547175
STS,1.186532217
FTH1P11,1.186492506
CEP95,1.186112117
LRP12,1.186083113
FBXL17,1.185323344
PDRG1,1.182796589
DLGAP1-AS1,1.181787609
ARMCX4,1.181390524
NSMF,1.181010297
CCP110,1.180961177
XRCC6,1.180249068
CASP2,1.17985775
LRPPRC,1.179762809
SMG1P6,1.179702905
TATDN2,1.179598498
WDR44,1.179585102
ZNF620,1.179259324
THOC6,1.178907101
FTH1P4,1.17788599
DPP9,1.175394543
MTUS1,1.175178374
TCF3,1.174846346
ITGB1BP1,1.173694408
ATP1B2,1.172662025
ARL14EP,1.17262951
TRIB1,1.172328577
PPP1R10,1.172018043
KAT6A,1.171152582
C16orf72,1.170322188
OSBPL2,1.167485663
EID2,1.167198664
ANKMY1,1.166263269
B4GALT5,1.165458081
NCOA3,1.165376768
MROCKI,1.164784314
MYEF2,1.163849382
AP3M2,1.163758599
HLA-F,1.163487047
CNOT6LP1,1.163337156
NPM1P6,1.162655916
ZFYVE19,1.162577222
MRPL10,1.16117789
DHX34,1.160322182
TTC17,1.159030357
HSF1,1.158875708
MAP3K4,1.158439308
PPIAP19,1.158318611
PDS5B,1.158236371
WDR27,1.158074279
THAP9-AS1,1.158065857
ZNF511,1.157965159
COX5B,1.157563952
DNAJC25,1.157139647
ATXN7L3,1.154825925
TMEM248,1.154297981
RPL23AP82,1.153216743
CENATAC,1.152909515
ARHGEF2-AS2,1.152631407
LINC01569,1.151379839
RBM48,1.151236569
PCID2,1.15100461
FLT3,1.150828511
MRPL14,1.149736059
ZNF430,1.14955045
CA5B,1.148598521
GINS3,1.148213243
PCNA,1.147072766
PCM1,1.146772995
FIZ1,1.144465015
EDC3,1.143121229
PIK3R6,1.143085523
BRAF,1.14295946
MTFR1L,1.142320721
PMS2P4,1.141899301
MFHAS1,1.141671313
TMEM254,1.141227197
PBLD,1.140886583
CEP63,1.140149048
STK19,1.139506962
SCO2,1.139285788
IMPA1,1.138219507
TREM1,1.137074807
GNG5,1.136918119
LINC02362,1.136192147
NUP50-DT,1.134696695
TSPAN3,1.134109767
STEAP1B,1.134083964
SMYD5,1.131635354
CCDC186,1.131311237
NCOR1,1.130909411
FAM193A,1.130789053
DDX3X,1.130768959
YIPF5,1.130308726
CELF2,1.130043153
WIPF2,1.129413862
SUMO1,1.12860035
EIF1AX,1.128118347
THAP12P7,1.128013001
VPS4B,1.127634901
JUN,1.127134698
SSR2,1.126845415
ZMPSTE24-DT,1.125870932
MT-CO2,1.125835998
FRG1CP,1.125801078
MTMR1,1.124809653
TCAF1,1.124520955
ZIK1,1.124389199
EMC6,1.12410563
EPB41L1,1.123619176
TXLNA,1.123377095
STRADB,1.123296638
FGFRL1,1.122532994
AMFR,1.122361993
TMEM245,1.121850191
WNK1,1.119778089
PPP1R35,1.118545044
ANK3,1.118502582
KLHDC10,1.117516566
ZNF24,1.115060989
SOS1,1.114885814
RBMX,1.113660193
AIM2,1.113002783
SMG1P7,1.11268753
HDLBP,1.111555036
KIAA0232,1.110654279
MRPL16,1.110632533
SCAP,1.10963566
RFC1,1.109022527
SLC37A1,1.108964286
SPTBN1,1.108484483
USP24,1.108295267
SURF2,1.108226481
TXNL1,1.107421297
ACBD6,1.107324586
RAMP1,1.106249701
DUSP16,1.105777706
MBP,1.105503578
CUL7,1.105059002
DDX42,1.104482058
ZNF804A,1.103436903
UNC45A,1.102036961
ARL4A,1.101243717
PFKM,1.101082942
COPS9,1.100981032
C22orf46,1.100891657
KRR1,1.09975731
NPIPA2,1.09950241
PIGV,1.098824546
BLOC1S5,1.098517406
CHMP5,1.098040766
DVL1,1.097417526
PELI1,1.097243698
CCNY,1.096166695
PI4K2B,1.095048625
AKR1C2,1.094960557
NELFA,1.094918713
PKIG,1.094788664
XPO1,1.093418892
UBE2E1,1.092943926
DGCR6,1.091814551
IL12B,1.090575018
OGT,1.09016715
H4C2,1.089280406
CDKN2A,1.086462169
ATRIP,1.085433904
TNFRSF21,1.08512491
POPDC2,1.084210136
LINC00954,1.083951174
NIPBL,1.083497906
AP2M1,1.083085882
VRK1,1.081247147
CCDC22,1.081156531
SBNO2,1.079024227
TRIM11,1.078319347
ITGB7,1.078092592
DCK,1.077658845
ZNF791,1.076852062
CCNC,1.075714365
COX17,1.075268241
DNAL1,1.074962459
RAB12,1.074298713
CD82,1.073781591
FBXW4,1.072490932
AMPD3,1.071886102
RABGAP1,1.071828564
FBXO34,1.070902899
MBD1,1.070902727
PDZD8,1.070522936
SAMD4B,1.068857861
LAMP1,1.068233054
MTMR3,1.067224417
TNFAIP1,1.066414657
ZNF765,1.066399954
ZC2HC1A,1.065181063
GANC,1.065030149
HMSD,1.063874592
FAM83G,1.063754635
NUDT4B,1.06367226
RPS6KA2,1.063582369
TRPS1,1.063298949
ZNF800,1.063094569
JRKL,1.062259806
KHDC4,1.061939674
CAVIN3,1.061858117
PPP1R8,1.06147482
ENY2,1.061051664
CYP1B1,1.06074805
NAP1L4,1.060735698
ISYNA1,1.060085153
VIRMA,1.058550368
DHX37,1.058405675
METAP1,1.05731834
QRICH2,1.056772975
BLCAP,1.056636158
FAM172A,1.056531909
DNAJB6P1,1.055508318
KIFC2,1.055384119
ZNF471,1.055296295
XRCC6P2,1.054927107
ARID5A,1.054242165
CKMT2-AS1,1.054176294
THBS3,1.054062477
RAP2A,1.053786505
PKD1P2,1.053538263
MEAK7,1.052421001
ZNF688,1.051588681
RBM15,1.050829257
CAND1,1.050018065
CLDN15,1.047616032
TRAPPC6A,1.046366637
BLOC1S2,1.04587034
TOE1,1.045744018
TRDMT1,1.042817086
BTBD7,1.042501761
ELOVL7,1.042186699
RPSAP9,1.04167034
CCDC7,1.040993869
PI4K2A,1.040815743
ZNF268,1.039969453
C1orf35,1.039918296
MIR3667HG,1.039787165
C12orf60,1.038733637
SNRPB2,1.038604957
EZH2,1.037741132
LNCRNA-IUR,1.037644648
KDSR,1.037443025
ISCA1,1.037074104
METTL7A,1.035679876
ZNF16,1.035276802
RFXANK,1.034225131
GRPEL2,1.03222575
SMARCE1,1.031277897
WDR13,1.029989483
RPL29P33,1.029790366
SQLE,1.029424048
PPP4R3A,1.028664656
ETFDH,1.028561091
ZNF446,1.027425685
PRDM2,1.027262855
CAMK2D,1.027160624
WASHC2C,1.027106065
RCL1,1.026696465
BLMH,1.026592243
ZNF212,1.025189194
HUS1,1.024716641
AHSA2P,1.024694305
USO1,1.024627221
HNRNPH1,1.024476469
GNL1,1.024335797
AFF4,1.023878225
SCMH1,1.023740586
C15orf40,1.023593196
RYK,1.023305752
ASPH,1.022951855
PLCB1,1.022288617
HTRA2,1.022107478
TCEAL9,1.021974246
DIP2A,1.021446139
CPTP,1.020372043
KIAA1109,1.019221933
MGRN1,1.019067614
SUMF1,1.018032966
DBNL,1.01673444
SEC24C,1.016061481
HMCES,1.015101795
RBM27,1.0148553
ODC1,1.013686659
OTULIN,1.012366001
DESI2,1.012240984
CYFIP2,1.011889014
SDHA,1.011635162
RNF215,1.011556405
MAGI2,1.010944893
ZFPM1,1.010623029
TIAM2,1.010166145
ENKD1,1.010106197
ARFGEF1,1.009449452
ZKSCAN2,1.009302059
ZNF562,1.008417642
ZNRD1ASP,1.007305182
SBDS,1.005895828
DYNLT1,1.005207842
RRP8,1.005014305
STAG3L4,1.004541315
DNAJB9,1.004421294
ZNF570,1.002920602
IL6R,1.00264657
UBE2V1,1.002563668
GAPDHP43,1.002062829
MTCO2P12,1.001673159
RPS2P4,1.001168669
CCAR1,1.000947007
GPR137,1.000612474
KIF3B,1.000053861
ZNF133,0.9999367
STK17B,0.99991301
NIPSNAP3B,0.99924648
LSM3,0.997942016
KCMF1,0.99712199
POLD3,0.99643871
KREMEN1,0.995494195
UBR2,0.995237494
ACCS,0.995221605
ADPRM,0.994482541
MAGEF1,0.99350453
LNX2,0.99264882
STAG2,0.992449954
USP49,0.989998015
RBM39,0.989522194
RPS20P24,0.989308396
RABL2A,0.989279059
NADK2,0.988867978
HEATR6-DT,0.988715102
CDK5RAP2,0.988191743
TTC19,0.987750857
SH3BP5L,0.987728148
TAF1D,0.987464168
ZNF486,0.984229999
NSDHL,0.983833768
ALAD,0.983702241
TRIM25,0.983661684
OGFR,0.982355513
DTD1,0.982315792
CD46,0.98182292
TRAF3IP2-AS1,0.981494745
CDC42,0.981399886
UBE2V2,0.981142665
MAST4,0.981067461
DNAJB1,0.980912032
PECR,0.979683478
PRR14,0.978801672
KLHL26,0.978524556
CCDC30,0.978424981
LUC7L2,0.978239059
PAXBP1,0.978202437
SLBP,0.977457686
H4C3,0.977061329
SLC25A38,0.976690787
KPNA2,0.976227201
KLF6,0.974635576
HELZ,0.974499003
ZCCHC4,0.974478954
STEEP1,0.973178948
COBLL1,0.972165458
ZC3H11B,0.970647388
CYP27A1,0.970164487
PLEKHM3,0.969906732
PGP,0.969269933
TTC21A,0.968547872
RIOK2,0.968110866
RAB11FIP1,0.968027631
GTPBP2,0.967512314
RCN1P2,0.966817663
AXIN1,0.96641773
LZTFL1,0.966183656
CDK6,0.966073026
SYTL1,0.963363351
CD274,0.962642334
RUFY2,0.962015573
MRPS27,0.961295921
CCRL2,0.961130679
MVB12B,0.960951726
PDCD6IPP2,0.96080677
CLSTN1,0.960072312
VAMP3,0.959890664
CHD4,0.959845767
HNRNPCP2,0.958824918
WAC,0.958695236
MSS51,0.958264673
LRRC14,0.958025162
PTPN4,0.957232558
MAPKAPK5-AS1,0.956948834
NUDT4P2,0.956505245
SETD5,0.956239965
SSR3,0.955298561
ZDHHC4,0.954936248
CGGBP1,0.95468073
SNRPD3,0.954301383
ZBTB37,0.954133334
ANKRD10-IT1,0.953982005
CES4A,0.952964029
THUMPD3,0.952567487
TMEM115,0.951932204
LIN9,0.951450224
RALGDS,0.950104035
GEN1,0.949228622
PNKD,0.948914087
STK16,0.948316629
IFIT5,0.947675402
PARP8,0.94762783
MTA1,0.947366407
RRN3,0.946749889
ZNF671,0.946252957
RAD18,0.945169075
BANF1,0.944538882
FRG1JP,0.944229562
SLX9,0.943848632
PPIL3,0.943425264
MIR645,0.943346599
TJP1,0.941389768
RAB18,0.940202822
C12orf76,0.940074636
PID1,0.939365514
RPUSD1,0.938928857
ANKRD50,0.937496728
TRGC2,0.936937106
CAPN7,0.935464886
ZNF460,0.93546336
UMPS,0.935370825
AGER,0.935273248
PPOX,0.933921803
ZKSCAN5,0.933425313
CHIC2,0.933052614
SAMD9L,0.932424125
ZNF184,0.9318825
RIMKLB,0.9318338
UPF3B,0.930737141
RASSF2,0.930367151
HEBP2,0.929687324
LSM5,0.929490192
DNAJA1,0.928806975
AATF,0.928571242
PFDN5,0.928410244
STRIP1,0.928126656
IRF2BP1,0.927237278
NR4A2,0.926263889
NIPSNAP3A,0.925699434
ZNF282,0.925230618
ZNF383,0.924773027
WAKMAR2,0.924227906
SPPL2B,0.923720669
MEAF6,0.923681849
UGCG,0.923655119
CLP1,0.922276788
CCDC92,0.921743361
PALS2,0.921483778
TMEM87B,0.921263855
FBXW11,0.921106347
ATP8B2,0.920992503
AKTIP,0.919895263
KIAA2026,0.918299349
GPALPP1,0.91823086
SNAPC2,0.913427727
ZFAND2A,0.913375418
SCARB1,0.913218503
PPARD,0.913161943
ILF3,0.912536993
RHOC,0.910897834
CRYZL1,0.910884603
CXCR5,0.910167174
RPSAP3,0.909781765
SOCS3,0.908572209
KARS1,0.908189996
LATS1,0.908181344
MACIR,0.907582233
DUSP22,0.907508193
PRICKLE3,0.904633376
STEAP1,0.903981844
PPP2R5E,0.903309519
EPB41L3,0.903168419
NKG7,0.902788483
GSPT2,0.902171243
HACD4,0.900281974
NSD1,0.900130741
PARD6B,0.899106382
OSER1-DT,0.898971681
FAM86DP,0.89856373
ST20,0.897860526
B3GALT6,0.897203226
FDFT1,0.89698225
EDA2R,0.8964293
KIF27,0.896064029
ZNF324,0.895988035
MEX3C,0.895913836
REXO2,0.894132307
UBAP2,0.893556404
MT-ND4,0.893380124
YBX1P10,0.893259581
FAM102A,0.89240163
CPT2,0.891838762
BACE1-AS,0.891741669
EIF2S3,0.891492157
THOP1,0.890731373
POGLUT3,0.890552385
TIMM10,0.890494221
B4GALNT1,0.889327458
ZNF101,0.889281289
CCDC50,0.888762242
GET1,0.888480972
TPM3P5,0.887907781
TIMM29,0.887813241
RPS7P10,0.886843203
TSTD2,0.886549107
NCAPD2,0.886346022
TCOF1,0.88555967
MSL1,0.884183957
BRMS1,0.88367648
LINC01001,0.88356667
TMEM150C,0.883440922
RN7SKP230,0.883047144
DVL2,0.881122629
LINC03014,0.881089559
WDR89,0.880313073
B3GALNT2,0.878869567
AURKAIP1,0.87864174
LINC02256,0.8779554
COPG1,0.877799682
STK40,0.873927291
SMAD5,0.873497181
EIF1AXP1,0.873414006
CHP1,0.872416649
DFFA,0.871096259
RAD1,0.87050557
FBXO46,0.868596872
PARP3,0.867024382
SWT1,0.866534164
KLHL24,0.865812234
TIMM8B,0.865404744
ADAM17,0.865192825
SNU13,0.86203631
NCOR2,0.861984248
MED11,0.861066498
AP1S2,0.860681497
SLC35F5,0.860533452
MED16,0.86030521
TTF1,0.859370568
ZNF606,0.859263964
GUSBP3,0.858502171
GPR132,0.857606179
C12orf43,0.857265936
ABCA3,0.856704745
CUEDC2,0.856665254
MTMR11,0.856191095
ZNF813,0.855682466
SNHG22,0.854789514
GXYLT2,0.854414561
ETV6,0.85429561
BCL10,0.851960453
CAB39L,0.851918727
DNAJC15,0.851721075
PHLPP2,0.851408451
SETD6,0.851286939
VCPKMT,0.850389036
PPIAP31,0.849214136
AVL9,0.848806224
TEX30,0.848236672
MAP1A,0.846937895
CDPF1,0.846837722
GOLGA5,0.845901493
SLK,0.84549382
IFI6,0.844992367
TIMM9,0.84442441
EBI3,0.843077991
MRPL51,0.841677122
LINC00957,0.839046904
NFX1,0.838661527
SH3BP5-AS1,0.838251136
MTCO1P40,0.838161394
LIN7C,0.837790009
AMMECR1L,0.836875049
RNF207,0.836161592
CCT6P1,0.835813371
JPT2,0.83542977
KLC1,0.834344186
GPC4,0.833794508
C15orf39,0.833320792
TNS2-AS1,0.833152827
PAN2,0.832536419
ZSWIM3,0.831692312
KIAA1671,0.83096457
TRA2B,0.830205321
HECTD2,0.829819333
H4C13,0.82893969
RAB11FIP2,0.827866399
DBF4B,0.827858477
LINC00324,0.826846004
CCDC61,0.826083943
FHIP2B,0.82533101
LCA5,0.824739639
KLF4,0.824580148
PTRHD1,0.824205385
ICAM4,0.823797234
SIN3B,0.823455949
ZNF565,0.822133443
CCNJ,0.821085798
ATXN1L,0.821060884
RNF7,0.820879224
STAT5B,0.820527626
THEMIS2,0.820182594
ELL,0.819643755
PIAS2,0.818669503
GTF2E1,0.818357199
MED29,0.818224313
TBCK,0.818201432
ERN1,0.817309135
RPL10AP6,0.816717886
BAZ1B,0.816543689
INAFM1,0.815503757
TAB3,0.814551855
CCDC138,0.814529618
CAVIN2,0.812746407
SUGT1,0.811655113
ZNF717,0.811484847
ARAF,0.810703222
GGPS1,0.810553932
MEMO1P1,0.810477756
APRG1,0.810319494
PPP1R2,0.808882372
NAP1L1P3,0.80855546
PDCD6IP-DT,0.808380621
SNX4,0.808070667
ATG16L2,0.807874617
CHID1,0.807113268
TMEM127,0.805561829
RHOQP3,0.805278186
PWWP2B,0.804877949
VTN,0.802717738
TIGD5,0.801184732
TCEANC,0.800534444
TUT1,0.799316302
TMEM79,0.798954369
AASDHPPT,0.7985566
NFRKB,0.798363168
PIK3C2B,0.797754732
AGA,0.797644591
PLK4,0.795923371
HAX1,0.795891356
TNFAIP8,0.795627763
HMGN2P3,0.795296882
COX5A,0.795084342
TADA2A,0.793642545
SEC61A2,0.792955905
SLC39A14,0.792416276
ELP3,0.7923618
RRAGC-DT,0.791327848
GAS8,0.791214995
CCS,0.790893184
C6orf120,0.790593755
BICRA,0.789564238
TRIM24,0.789428552
SON,0.789277637
RAPGEF6,0.78879597
TMTC2,0.788764796
PTPN2P1,0.788010114
SMPD5,0.787852025
YOD1,0.787636495
PJA2,0.786373784
RPL23AP53,0.786268054
SLC35E2B,0.786081607
GPBP1L1,0.784251682
EPB41,0.783219162
ARMC5,0.783172289
CAAP1,0.782913281
TMEM120B,0.782522997
MR1,0.781465219
RAB11FIP5,0.781204148
ELL2P1,0.779966821
CCDC146,0.779768857
NOSIP,0.77941864
USP9X,0.779379992
EEF1B2P3,0.779133654
TXNL4A,0.778753802
ATRAID,0.778273199
SERF1A,0.777910667
HSPA9,0.777283692
CAMK1D,0.777065634
EIF2A,0.776995646
MT-TW,0.776690664
TCTN2,0.774413467
ABCD2,0.773879043
CARD8-AS1,0.773169309
ELOC,0.772788493
CTCF,0.772615952
ZNF354C,0.77260533
TLCD2,0.772585418
MRPL11,0.772479776
PLBD1-AS1,0.772094098
LPAR2,0.770894989
XRN1,0.770690472
AKR1B1,0.770682047
SRP9P1,0.769425953
CEP152,0.769424675
RASA1,0.769176652
PDCD6IPP1,0.768847764
DIDO1,0.76792807
IRF1-AS1,0.76729352
CHRAC1,0.766694854
DONSON,0.766625715
KIFBP,0.765008751
MIR29B2CHG,0.764317994
DPP4,0.763043319
GUSBP2,0.762461498
LIN37,0.761612986
ZBTB43,0.761279385
SPG7,0.760361622
CCHCR1,0.759783149
SKP1,0.759719238
LYRM7,0.758689136
PTDSS2,0.75852562
MT-TD,0.758484264
ARID3BP1,0.758371432
TNKS,0.758360306
FBXO32,0.757813145
TESK1,0.755170655
ATG101,0.754575465
NCOA6,0.752353957
ZNF318,0.752057432
PI4KAP2,0.751136146
AK3,0.750562505
CITED2,0.750384661
MARCHF7,0.750330973
DOHH,0.750253163
ARFGAP1,0.749738132
PTGFRN,0.745700076
ZNF131,0.7456341
PORCN,0.745446737
MMGT1,0.745434967
PLBD2,0.745133726
HIPK3,0.744331766
ZZZ3,0.74332351
MAD2L1BP,0.743279891
UBE2Q1,0.742808331
CNTLN,0.742385233
IFT43,0.7421431
PCNP,0.741887714
ZNF143,0.741806522
SERPINB9P1,0.740643012
ABRAXAS2,0.740249638
JAZF1,0.73898455
RABGGTB,0.73879574
FAM114A1,0.738386736
BOLA3,0.738342731
RRAGC,0.737939607
ZC3H18,0.737363685
FAAP20,0.737173376
MLEC,0.736943562
NOL7,0.736543512
MIR1244-2,0.736383857
IGSF3,0.736289105
XPO5,0.734310417
GAPVD1,0.733481296
PMS1,0.732684855
MYO1B,0.732225028
EXOC7,0.732026243
URB2,0.731766935
CRIPT,0.73168529
CBY1,0.731424756
DBN1,0.731364034
KANSL1,0.73133073
ATG4B,0.728906355
PITPNB,0.72877147
CNST,0.728767503
SLC35B3,0.728758849
RBPJ,0.727943521
HMGB1P10,0.727691655
SCAMP1-AS1,0.727682674
DDA1,0.727301625
RN7SL648P,0.727273392
PRORP,0.725351933
CENPBD1P,0.725268435
FTH1P20,0.725131343
COQ4,0.724393217
MORC3,0.723855518
SCRN1,0.723126391
SPAG7,0.722195102
YIPF3,0.72198876
ZNF680,0.721920109
RPL11P3,0.721548046
HNRNPH1P1,0.719507554
TMEM128,0.719184738
TAF2,0.718837751
MGMT,0.717783598
TSPOAP1,0.716475205
PRPF3,0.716450596
PDCD6IP,0.714751278
POLR2E,0.71447342
WEE1,0.714439397
OSBP,0.713931713
RNF121,0.713638955
EHMT2,0.713028601
RNPS1,0.712675984
CDC16,0.712525485
NDUFB10,0.711191127
ATXN7,0.711174577
GBP4,0.710258479
TRIM4,0.709973215
PMEPA1,0.709586211
HLA-K,0.70795771
CDKN2AIPNL,0.706275239
INVS,0.705420399
ARL3,0.705353255
CETN2,0.705173494
STXBP3,0.704694626
RN7SL473P,0.704073888
ZP3,0.703850696
TRGV7,0.703726591
EPC2,0.703496138
TRMT10C,0.703121644
CLEC2B,0.702949553
MTRF1L,0.702767011
COIL,0.702268542
DEDD,0.702149692
BACH1-IT1,0.701535112
KRT8P33,0.700644893
EFNA4,0.700042413
EIF4E2,0.699447696
COA5,0.699125702
SUB1,0.698843718
POLR2F,0.69852893
MTERF3,0.698439439
BRD3OS,0.698154307
CBX3P9,0.697823939
OBI1,0.697509531
DCAF1,0.696708093
POLH,0.696360219
RPE,0.69604883
RBM7,0.695637174
MFSD4B,0.695310847
ZNF596,0.694981157
SDCBP,0.693648764
SLC9A7,0.693429789
HNRNPKP2,0.693356518
C9orf85,0.692793339
PSMG3-AS1,0.692662254
METTL1,0.692435742
JAKMIP2,0.6916843
KCTD13,0.687680988
ZBED3-AS1,0.68746953
MOB2,0.687206872
ZXDC,0.68696525
ROMO1,0.686913965
ZRANB2,0.685831827
TBC1D25,0.685455002
RPL23AP48,0.685387001
TRAF7,0.685385959
TMEM169,0.684074136
DUSP28,0.683156656
PKD1P1,0.682426059
BRD7,0.682410904
DDHD1,0.682200756
NAP1L4P1,0.681656137
RAPGEF5,0.681616
TSEN54,0.681429183
AMER1,0.681420111
DOCK8,0.680940343
MRFAP1L1,0.680916131
BTD,0.680405012
EMC2,0.679543033
SLC30A9,0.679312915
IFT140,0.678848738
ZNF350,0.678401951
CABLES2,0.67831315
SUDS3P1,0.678225179
YJU2B,0.677934952
SPIDR,0.677181311
NFKBID,0.67706145
FLACC1,0.676573966
H3C6,0.676232022
SOX12,0.676039237
C1orf131,0.675663444
CD5,0.675429726
AGPS,0.675311995
RPL12P6,0.674961338
HECA,0.674563438
AGO4,0.674539491
JPX,0.671578858
CS,0.670434211
TUFM,0.670151183
OSTF1,0.668480902
LRRC47,0.668470139
PLAGL2,0.667770095
ZNF836,0.667556207
TUSC2,0.66749014
STAMBP,0.66716937
LIN54,0.666347251
PMS2,0.666091697
CHAF1A,0.664878381
SF3A2,0.664865264
ZKSCAN2-DT,0.664534132
TMEM106C,0.664113002
CROCC,0.664051702
CNOT6,0.663924699
PSMB9,0.663776756
RGS3,0.663613982
PRKAR1B,0.662478952
WDR97,0.66125867
LY6E,0.660376619
RNF19A,0.660074633
ARHGAP10,0.659419451
ADGRL1,0.659350223
NUTM2A,0.658254686
CAMK1,0.656116693
PAIP1,0.655725258
PLAT,0.655541152
RHOQP2,0.654967826
SBF2-AS1,0.653713014
FAM189B,0.653657054
LRRC57,0.652097823
FERMT2,0.650130972
DMTF1,0.649797435
QPCTL,0.64928917
PTER,0.648325701
KRBOX4,0.648299856
CNOT3,0.647079352
PEX19,0.645524267
FAM185A,0.645033638
SMAD4,0.643343146
EXO5,0.642697139
ZBTB45,0.64213842
CDADC1,0.640389305
EPHB3,0.640376367
TRMT112,0.640341695
COQ6,0.640136082
CNOT1,0.63939385
UBAP1,0.637450786
ZNF503,0.637384499
CACFD1,0.63671494
RPL15P2,0.636604058
ZNF25,0.635680066
CTNNB1,0.635595804
TXNRD2,0.635561368
RUSF1,0.634253914
RPL6P19,0.634049023
SORD2P,0.633738054
GLUD1P3,0.633699603
MRPS18A,0.633043073
UQCC3,0.632873875
STAU1,0.632871761
GUSBP13,0.632618887
ATP7B,0.631879802
ZNF444,0.631388761
NCAPD3,0.629123417
YME1L1,0.628725945
SCAI,0.628597626
KYAT3,0.628430929
ZNF468,0.628297096
AMBRA1,0.627103379
VPS33A,0.626842593
UHRF1BP1,0.62658715
SLC43A3,0.626330351
CSTPP1,0.625720149
POLG,0.625559702
IL2RG,0.625300289
NUBP1,0.624845792
H4C11,0.623153831
C17orf67,0.623079411
ZNF254,0.623021638
LTA4H,0.622770637
RINT1,0.621113786
CCDC82,0.621080856
FBXL19,0.620030112
WDR47,0.619151122
UBE4B,0.61910675
APPBP2,0.619031574
PIR,0.618360534
NME4,0.617417622
NCAPH2,0.617396995
C12orf29,0.617011386
NFE2L2,0.61683649
ATP6V1E2,0.616514677
C16orf91,0.616152795
RHOG,0.615895498
SLC44A1,0.613258075
GEMIN5,0.613177237
ZNF706,0.613134347
ZBED1,0.612956235
POLR2C,0.612843157
ATXN7L3B,0.612831847
ITK,0.611862752
UBE2L3,0.611105361
COX7B,0.61108334
ZNF526,0.61104684
ADCY10P1,0.610495812
CCDC66,0.608530794
NME6,0.607993089
ZNF366,0.607972864
MRPL36,0.607849266
PRKAG1,0.607679032
FKBP9,0.606987938
SERPINE1,0.606860388
ZNF660,0.606746512
C1orf112,0.606382533
MICOS13,0.60625692
U2SURP,0.60548638
CEP20,0.603913494
C18orf21,0.603438208
RPRD2,0.603419257
ATP1A1-AS1,0.602239344
MAGED1,0.602147295
TBC1D3L,0.601517432
ADORA2A,0.600840773
POLR2G,0.600492847
TBC1D3F,0.600054489
SLF2,0.599910254
METAP2,0.599908225
MSANTD2,0.598861105
PARG,0.598550306
TNFRSF14,0.598132823
TTC4,0.596954858
PPP4C,0.596750854
MDM1,0.596168169
KICS2,0.595912273
LRRK2,0.59309148
ADSS2,0.592756872
SOCS2-AS1,0.592501264
EBLN3P,0.591780165
ANKRD27,0.590820223
PGBD1,0.589084917
KLHDC2,0.588870677
DPH7,0.588125926
FOXM1,0.588043048
ANKRD36B,0.58685904
VRK3,0.5864174
H2AC13,0.585809193
CPSF1,0.585374861
WIZ,0.584491657
PDHX,0.582949139
USP8,0.582600266
ANAPC1,0.582555243
EIF3J-DT,0.582192667
ST3GAL1,0.581746161
AK6,0.58154831
SEPTIN7P14,0.581445792
RUSC1,0.580676144
PHF5A,0.580030049
RNASE1,0.579779303
LCMT2,0.579647209
PABPN1,0.578959009
VAMP5,0.578263313
UNG,0.578061948
MRPS26,0.575723372
SCOC,0.575249179
MRPL55,0.574726886
RNF139,0.574679668
ASAP1,0.574515153
PAAF1,0.574501496
TBC1D3H,0.574425042
NUDT2,0.574015871
ZC3H3,0.573277866
TBC1D3E,0.572362482
WDCP,0.571990076
EPM2A-DT,0.571709765
DTX3L,0.571276129
NARF-AS2,0.570962673
TMEM30A-DT,0.570290159
SF1,0.570114691
RPAP3-DT,0.570086277
POLR2L,0.570066063
ZDHHC12,0.569615595
CYCS,0.569319071
LYZ,0.568759014
TOR1AIP2,0.568559528
ST13P10,0.568249109
LAMTOR5-AS1,0.568020039
DDX31,0.567872462
NME8,0.567341983
MREG,0.564603157
NBPF25P,0.564207064
HADHA,0.564067434
H2BC18,0.563605507
FAM174B,0.561321747
CYYR1,0.561287142
MAP2K4,0.560733624
ZBTB49,0.559698123
TMCO3,0.55924072
E2F6,0.559176049
ALDH4A1,0.55881409
MYBBP1A,0.557520917
JAGN1,0.557042213
LRRC40,0.556908997
SIRT7,0.55644552
ULK3,0.555836807
ZNF354A,0.555229788
CSE1L,0.555144153
DNAJC5,0.55407656
RALGAPA1,0.553237926
SKIL,0.553014013
TMEM167B,0.552349171
AIDA,0.551350571
NDEL1,0.551160461
IER3IP1,0.550779312
SLC9A8,0.550541461
RRAGD,0.550059845
MOB4,0.549712432
MTHFS,0.548988231
QTRT2,0.548970756
COPS8,0.548566224
NEMP1,0.548467541
KLHL20,0.548348421
NEMP2,0.547680705
NPM1P39,0.547376181
CASK,0.54714892
MED15,0.547026253
TMEM62,0.546602839
QSOX2,0.546070909
HACL1,0.544667203
SMG8,0.544240028
IL23R,0.541945168
CASTOR3,0.541743471
CDK8,0.540675887
GSTZ1,0.5403063
PNPLA7,0.540265977
OXER1,0.539919811
NT5C3A,0.539745811
DNAJC30,0.538905808
MT-TQ,0.538882741
KNTC1,0.538811375
ALKBH6,0.538706041
IMMT,0.537068492
CTNNAL1,0.536923637
HEXIM2,0.536592021
PUSL1,0.534817888
CEP70,0.53453011
PATL2,0.533788353
AFAP1,0.532966222
KRBA2,0.532793868
MTERF4,0.531450111
UBE2J2,0.531011841
CASP6,0.530717296
SELENOW,0.530576543
ATP6V1F,0.530521052
FOXN3,0.529818075
TBC1D9,0.529541645
LINC00294,0.529428721
TBC1D3G,0.528362614
PDCD10,0.527678603
PTAR1,0.527369013
PUM2,0.527315595
FAHD2CP,0.526045199
ZBTB33,0.525677833
C1QB,0.523639726
MUC20-OT1,0.521748602
MAPK1,0.521293402
PIK3R3,0.520904249
SLC16A1-AS1,0.520044423
LINC00641,0.520013689
HNRNPL,0.519850717
ACAA2,0.51936456
SF3B3,0.519291357
NKTR,0.519285154
DNAJC14,0.519272435
NRF1,0.518375062
PRPF40A,0.518247018
OGG1,0.51759675
PCIF1,0.517193183
GPS2,0.51710142
LINC00342,0.516252324
PDCD5,0.515993546
LINC00339,0.515376201
GOPC,0.515035411
RBM23,0.513599024
TMEM43,0.513580385
SERBP1,0.513364964
THUMPD3-AS1,0.513114324
HLA-DOB,0.512588881
SLC3A2,0.512449483
MTURN,0.512003374
KDM8,0.5119034
SHC1,0.51147685
PDE1B,0.511419841
PIK3R4,0.511142238
SH2B3,0.51108584
LGALS9DP,0.510903697
IRF6,0.509795928
FIRRE,0.50950056
GGNBP2,0.507473002
KMT2B,0.507372233
NUDT19,0.507364761
FAM135A,0.50684787
RBM4,0.506457039
DSN1,0.506133291
OGFRP1,0.505946478
MCPH1,0.504861562
SATB2,0.504261509
TBC1D3D,0.502804417
MRPL37,0.502636984
CYB561D1,0.502527967
ZNF610,0.502338679
CCDC59,0.502151516
MAN2A1,0.500957696
PDCL,0.500610908
MAP3K20,0.500261891
KPNB1-DT,0.500258904
ZNF844,0.4999892
GSKIP,0.499892899
AKR1C3,0.499246299
SLC66A3,0.498731118
SFSWAP,0.498180109
SNAPC4,0.498151402
BBS9,0.497771574
FOXP4,0.497382558
CIAO2A,0.496653286
TOMM40L,0.492585056
AGPAT4,0.492446851
ASB3,0.491568437
PPP1R26,0.491485926
CAMTA1,0.490976539
TNPO1,0.490734097
TIGD6,0.49022117
UPF2,0.489964949
TXNL4B,0.489791644
USP1,0.489348322
ZNF595,0.48858785
CIAPIN1,0.488537132
ZNF140,0.487928127
PPA1,0.487905919
CRY1,0.486745204
ZNF267,0.486206358
ABCC3,0.484717564
FLII,0.484597678
MRPL38,0.483784949
ZNF500,0.483633913
GOLGA8IP,0.481986676
ZNF785,0.481651626
MRPL34,0.481262699
ZNF230,0.48088865
ZSCAN26,0.479891505
NPAT,0.479533043
PSME2,0.479479892
PRANCR,0.479430862
CHD9,0.478757809
HIBCH,0.478608235
TRIP11,0.47783338
JMJD8,0.477803111
CCDC69,0.477594992
UBE3C,0.477491002
FBRS,0.47739615
DDX23,0.475652672
ZNF623,0.472114785
FTO,0.470702838
SCAF4,0.470511129
ATP5MJ,0.470430663
RNF167,0.470192391
STAG3L2,0.469969418
NPIPB9,0.469890332
SENP2,0.468950954
ZNF43,0.467406105
KCNC4,0.466411594
ZNF317,0.465832623
DDX19A,0.465409505
PPHLN1,0.465230768
MAT2B,0.464346749
MIR17HG,0.464036004
PRR13P5,0.463579618
ATP1B1,0.463430076
SETD4,0.463213236
HYOU1,0.463131392
CEP97,0.463085252
HMGXB4,0.462633064
PGD,0.46155978
TBC1D3C,0.460646765
MAU2,0.4597958
SEC24B,0.459480341
ZDHHC16,0.459460738
HDAC5,0.458871973
ENTR1,0.458579654
CCDC144CP,0.458058829
ZNF574,0.457854566
CLN8-AS1,0.457296434
SYMPK,0.456780405
CBR3,0.456741636
ALDH5A1,0.456472533
ZMYM1,0.45641997
E4F1,0.456026143
CBX8,0.45521907
AGK,0.455039098
FAM120A,0.454072844
MIB1,0.452884555
DDI2,0.452330927
ZNF584-DT,0.452304375
MPLKIP,0.45222503
HECTD3,0.452135755
POT1,0.449353311
GMEB2,0.448685256
GMNN,0.448588268
BRD9,0.448024719
NPRL2,0.447003454
GUSB,0.44635832
ZNF136,0.446019158
ELMO2,0.444872562
RANBP6,0.444412862
FUNDC1,0.444174555
ZFC3H1,0.44377647
TMEM59,0.44350444
SCAF8,0.441454142
GOLPH3,0.441400758
SAC3D1,0.44030533
AIP,0.439891734
ATP7A,0.437748968
IFT80,0.437431412
RWDD2A,0.43684921
TXNDC5,0.436784237
STARD10,0.436022154
EXOSC7,0.434634858
INPP5A,0.434591604
TAF3,0.434032509
ZFAND2A-DT,0.433362581
BECN1,0.432999622
MRPL32,0.432968567
SLC5A3,0.432368573
CEP104,0.432282419
ACTR5,0.432122945
ZNF701,0.431796944
DUSP14,0.43079353
ZNF567,0.430225347
HMGCL,0.429988342
NHEJ1,0.429815707
ZEB1,0.429301241
MAPKBP1,0.428488537
ATP6AP1L,0.42839843
RPF2,0.427678606
FAM126B,0.426947186
NGDN,0.42527184
KIFAP3,0.424760363
REXO1,0.422875899
DNASE1,0.422261182
CDKN2D,0.420506327
RTL6,0.420419904
CBLN3,0.42010422
ISG15,0.419475595
DNAJB12,0.419030137
GTPBP10,0.418985544
ARSD,0.418972647
MT-ATP6,0.418934179
POLR3K,0.418167622
HGSNAT,0.417798624
HMBOX1,0.417406169
EXPH5,0.416357853
TVP23B,0.415770424
CYHR1,0.41470578
CELSR1,0.414334749
PDCD2,0.414143472
C1orf50,0.413939495
TBC1D3,0.413314367
SPAG1,0.412819404
SATB1,0.411894655
CYB561D2,0.411784945
TMEM214,0.411577948
ANKMY2,0.411386615
FILIP1L,0.410697899
MBIP,0.410394916
CPEB3,0.409525576
PRR3,0.409516268
ZNF32,0.408853955
TMCC2,0.408250184
C8orf82,0.407711082
IL6ST,0.407701249
WBP4,0.407409588
FBH1,0.406913556
RNF213,0.405999048
PPM1G,0.403199737
MRPS22,0.402900131
H2BC9,0.401904378
MTA2,0.401893632
SNRPD2,0.401799125
ZNF783,0.401753267
GABPB1-IT1,0.401335012
C2orf69,0.400713323
RIC1,0.399780649
TMEM102,0.399391614
STX4,0.399277489
GMCL1,0.39887511
DENND3-AS1,0.398239009
CLU,0.398220751
DIABLO,0.398216303
TMEM116,0.397420323
CCDC32,0.396817903
RTTN,0.396224718
CCNT2-AS1,0.396103279
NAB2,0.394995781
TSPYL4,0.394624381
ZNF786,0.394201987
C1QTNF1,0.393527499
ATPAF2,0.392771689
SNRNP35,0.39223667
H2BC15,0.391630663
MAFK,0.391214746
TBP,0.39114282
AUTS2,0.390284942
ARL2BP,0.389471631
MARCHF5,0.389304867
ACHE,0.389122709
AURKA,0.388957601
STK39,0.388592642
MYPOP,0.388480653
IL10RB-DT,0.387632822
C8orf33,0.387480158
THTPA,0.386891427
ARHGAP5,0.386404016
RRM1,0.384740339
TEDC1,0.384663747
RASAL1,0.384454057
CDKN2AIP,0.384429383
CREB3L4,0.383938043
ARL4C,0.383906365
DDX56,0.383822105
ALG13,0.382410685
CBLL1,0.382120218
NUTM2B,0.38167219
UBE2K,0.381318936
TRAPPC10,0.380850527
ZNF514,0.380477361
NRAV,0.380397596
LARP4B,0.379960465
NIPSNAP1,0.379292497
EIF3A,0.379174243
C3orf38,0.378492697
CSNK1A1,0.377226067
ZNF281,0.376893418
MAP7D3,0.37522847
SMARCD3,0.375215685
CACTIN,0.375203589
C8orf76,0.374508658
TXLNG,0.374366411
DDIT3,0.37361658
MRPL47,0.373498917
IGFBP4,0.373318014
RPL21P120,0.373126998
DDX60L,0.372964227
DENND6A,0.372944914
CHTF18,0.371732271
SETD9,0.371333982
SCARNA9,0.370697437
NDUFA1,0.369831741
UHMK1,0.36867234
WDR26,0.368190832
CREB3,0.367558273
KIF11,0.367243949
SFI1,0.367126163
SLC8B1,0.366921099
MAML3,0.366157387
WDTC1,0.365697786
SRP54-AS1,0.365047198
OAS3,0.364952715
UBL5,0.364943059
ZBTB39,0.364411952
TBC1D8-AS1,0.36320255
ASNSD1,0.362371251
MALSU1,0.360434037
EPM2AIP1,0.360314996
DDX49,0.359625244
AP3S2,0.358942275
MTCL1,0.358154144
SLC25A17,0.357229962
USP21,0.356756103
JAG1,0.356391871
BIRC6,0.356015113
ANAPC2,0.35594798
GHRLOS,0.355568373
BMS1,0.35546283
POMT1,0.352206625
EIF2AK2,0.351819939
STX16,0.351794995
SEPSECS,0.351779401
ZHX2,0.351724199
PPCS,0.351412028
MTCO2P2,0.351360195
ZNF614,0.351007503
TMEM69,0.350954977
H2BC10,0.348293588
TMED8,0.347392526
ZSCAN29,0.34725294
RBM22,0.346285297
KLHDC1,0.345780871
NTAQ1,0.345022078
SHARPIN,0.344987038
NKIRAS2,0.344511906
FNIP1,0.344393506
MRPL33,0.343079877
ZNF747,0.343017418
WASF2,0.34281777
ETFA,0.34130973
SERF1B,0.340468587
ATG12,0.3402404
AASDH,0.340149693
SLC25A13,0.340022129
MAN1A2,0.339979005
SOS2,0.339171243
ZNF219,0.336840255
RPS6KB2,0.335599135
SKIV2L,0.335583742
PAPSS2,0.333767714
GOLGA3,0.333733515
EIF4ENIF1,0.333083171
FAM88B,0.332640085
PIDD1,0.332215931
FAM20B,0.332204589
F3,0.332113357
GUSBP1,0.330794138
RPL31P46,0.330663775
GRHPR,0.330338671
MRPS36,0.330255162
VPS45,0.329402762
H3P47,0.329208162
RAB2A,0.32890057
LRRC37A3,0.328762467
MARCHF9,0.328285499
BTBD1,0.327860451
MROH6,0.327511119
SRRM1,0.326672317
CD151,0.326574293
CCDC137,0.326333363
NDUFA10,0.326114274
CARNMT1,0.325948717
RAD17,0.325921799
ZNF480,0.32484773
HIPK1,0.322752941
GET3,0.322087102
SLC16A1,0.320957199
UFC1,0.320411818
BFAR,0.319139749
USP5,0.317988896
CRYZ,0.317763019
ZNF773,0.317701232
FASTK,0.316010168
TEKT4P2,0.315379369
SNHG8,0.314730074
TCEAL8,0.314595607
PIK3R1,0.314477868
CCT6P3,0.313624703
UEVLD,0.313588076
MRPS14,0.312417082
LMBR1,0.312314513
PXYLP1,0.312313499
MYO10,0.311444421
ZNF316,0.311243291
BUD23,0.308925477
DSP,0.308173135
CERT1,0.308141871
SRA1,0.308029965
PAGR1,0.307786947
EMC8,0.306508187
POP7,0.306482753
ORC3,0.306451279
GPATCH3,0.306107583
EEF1A1P3,0.305695555
RARS2,0.305421789
SDHAP1,0.305033584
HECW2,0.304025704
PSMC4,0.303993438
POLR2J,0.302169397
SCNM1,0.301943827
ZNF638,0.301247562
NEK6,0.300994123
FUNDC2,0.300381037
CCDC88C,0.297431805
ZNF333,0.295140959
NXT2,0.294378342
CPNE3,0.294011634
SFPQ,0.293579256
CENPC,0.293576279
SERP1,0.293568252
ZNF586,0.293254524
ZNF845,0.29299574
UBR5-DT,0.292757891
FGGY,0.292588142
DDX54,0.292477661
ARMCX6,0.292305001
MED6,0.291362303
SRP72,0.291340919
MYL6B,0.289882327
LTBP3,0.289526573
BOLA1,0.288780463
DHX58,0.288546772
CTPS2,0.28805462
SLC41A1,0.28616852
FAM222B,0.284986591
EVI2B,0.284277665
PRDM8,0.283773045
MBD5,0.283741883
LYSMD4,0.283639288
UTP23,0.283110207
TOPBP1,0.28244993
CD99L2,0.281966365
DENR,0.281953499
ZDHHC3,0.281911927
NFYA,0.28151367
PPIAP6,0.281064591
DNAJC27,0.280759557
EMC7,0.28057236
CBX3,0.280280865
POLR1C,0.279946882
NMI,0.278981649
PRRC2C,0.278941936
PHC1,0.278647205
PRDM4,0.27848309
MGAT4B,0.278293764
MSH6,0.277530211
TGS1,0.276197404
BCL2L12,0.275147695
GALNS,0.274990015
TPGS1,0.273517369
NOP10,0.273459828
C1orf159,0.272655253
KRI1,0.272371064
EEF1A1P29,0.270127662
CIAO1,0.269602686
WDR49,0.269443067
CRADD,0.269284617
API5P1,0.269017059
FZD5,0.268578095
ZNF205,0.268477559
SNX9,0.267591816
TTC8,0.267448354
GTF2A1,0.267383933
HDAC3,0.266648617
PDAP1,0.266015268
MNT,0.265910354
SPATA5L1,0.26546849
TOPORS,0.265351823
GOLT1B,0.263824567
TCP11L1,0.263707029
EEF1DP2,0.261800999
SUPV3L1,0.26154354
MIR4477B,0.261386562
RNF135,0.261366379
FCGR2B,0.260909272
EXOSC1,0.260819216
POLDIP2,0.260736493
SUZ12,0.259889207
ZNF266,0.259536607
BRI3BP,0.259247659
GGCX,0.25837779
NR2F6,0.257973497
GLI4,0.257300532
H4C4,0.256402018
RABGEF1,0.255543257
ACAD9,0.253012443
TWF2,0.252877236
ZNF697,0.251101495
DCTN3,0.250509526
SMIM8,0.249306643
SEC22C,0.248278421
PMS2P6,0.248221077
PNISR-AS1,0.247320468
TIFA,0.247028905
HSP90AB3P,0.246360689
TMEM14B,0.246342865
C4B,0.245986919
TCEA1P2,0.244591213
MRPL21,0.244454912
RAB11A,0.244444095
ALG10,0.244432699
CDC27,0.244173128
SLC25A11,0.24385924
HSPA4L,0.243768026
TCFL5,0.243452856
CBFA2T2,0.243087978
MAN1A1,0.242680581
GLE1,0.242424431
DGKA,0.242422631
RPL7AP16,0.242196977
POLRMTP1,0.242165766
RAB30-DT,0.241479574
RHBDD2,0.241013811
CDCP1,0.240451253
SERPINH1,0.240156283
SPAG16,0.240091442
NSMCE1,0.240029386
PTBP2,0.239577716
EBNA1BP2,0.239521485
PHF8,0.239357936
ANKRD13A,0.239140852
PHAF1,0.238771332
EP400P1,0.238445776
RHOT1,0.237445668
MBTD1,0.237162678
SNX16,0.236219848
HEATR1,0.235241841
SART3,0.235061102
THOC3,0.234886156
SF3B6,0.23454648
ECSIT,0.233269482
DUSP11,0.23293252
LRRC1,0.232698828
CATSPER2,0.231158621
WDR53,0.230322587
DNAAF9,0.228952812
NME2,0.227452905
TAGLN,0.226892865
CYB5D2,0.226679357
FOXN2,0.226331989
GMPR2,0.225971556
GUSBP9,0.225797208
TRAPPC4,0.225067412
NRAS,0.224997446
TRIM14,0.224903042
MYH9,0.223937392
CENPBD2P,0.223839892
MCFD2,0.223761166
FAHD2B,0.223044708
MED19,0.222747621
ERRFI1,0.222678213
NCOA7,0.220842999
TYW1B,0.220778876
MYL5,0.220641951
MPHOSPH8,0.219803868
ZNF888,0.219605328
YLPM1,0.219345795
SLC1A3,0.217529708
RPL4P5,0.21730975
ZNF558,0.217267248
PTGES3P1,0.216969697
RBM12B,0.216750104
SCCPDH,0.215665089
HSPBP1,0.215014096
ACSM3,0.214934881
CCDC12,0.214779564
MRPL57,0.214728349
RNF220,0.213718242
SEPTIN7P2,0.213263388
TMED5,0.212665963
XPOT,0.210642896
NOC2L,0.210344695
PIGP,0.209033411
SNW1,0.209011976
HEMK1,0.20653005
ZNF776,0.206320277
NR2C2AP,0.205575399
RRN3P1,0.205566895
MED7,0.204658784
EID1,0.204128351
RABGEF1P1,0.203521441
ILKAP,0.202975633
UBAP2L,0.202307134
CDKL5,0.202008682
PARP4,0.201544593
MRPS23,0.200491387
RBM45,0.19901715
ZNF830,0.198842045
SASS6,0.198833114
NDST1,0.19838856
TUBB4B,0.197555075
ADIPOR2,0.197484815
CNOT11,0.196822858
ERV3-1,0.196646815
CLN5,0.196638907
ATL2,0.196374694
CRY2,0.195650821
RGPD8,0.194981814
NAA20,0.194482723
ACBD4,0.19370915
RBM26,0.193533811
CEP295,0.193424372
WARS2-AS1,0.192806115
HAUS4,0.192126621
EDC4,0.191256261
SUCO,0.191221794
CENPE,0.18963025
CARS2,0.189194613
PSMB4,0.18874459
POLR2B,0.187758631
TMEM52B,0.186876364
WDR18,0.186619736
HMGA1,0.186293759
FAM50A,0.185641265
GATD3,0.185355407
ZNF490,0.185351883
CERS4,0.185264453
SMAD2,0.185117874
DAXX,0.184834757
MADD,0.184817114
CDKN2B-AS1,0.184337326
UTP3,0.183638513
EIF3CL,0.183348652
MLX,0.182962166
FAM204A,0.182949956
PLXNB2,0.182378158
SMIM15,0.181764579
DEAF1,0.181527729
DCUN1D1,0.181124153
PRPF4B,0.181074989
ATF7,0.18094291
SFXN4,0.179965475
SEM1,0.179735138
SPACA6,0.179702591
SPOCK2,0.179161411
TAFAZZIN,0.177501441
ZMIZ2,0.1774884
RAB4A,0.177421111
PFN2,0.176089908
ZNF256,0.175990838
ERMARD,0.175481898
ZFP1,0.174914572
SENP1,0.173696364
STRN3,0.17338264
COA8,0.173213417
SERPINB1,0.173193667
CNPY2-AS1,0.173165553
DAPK3,0.171635748
ZNF345,0.170912555
SBDSP1,0.17073916
ZNF28,0.170656237
LCMT1,0.169928356
CCSER2,0.16949314
MAP1LC3A,0.169385489
TNFSF8,0.167967925
DYNLL2,0.167491732
SHLD3,0.167300171
AZI2,0.167221477
SLC35A2,0.16719958
GYPC,0.167119993
PRPSAP1,0.166941453
UCKL1,0.166363263
ZNF180,0.165697711
RNF214,0.164546206
CDIP1,0.163948258
SLC25A43,0.163733735
HROB,0.163722981
KIAA0319L,0.163658147
PITX1,0.163579621
PLAUR,0.162765345
NABP2,0.162215157
TFAM,0.16211579
ZNF841,0.161794965
AGL,0.160906528
C16orf87,0.160125831
MBLAC2,0.158716425
TM9SF4,0.15831953
SOCS6,0.156898669
RAB3D,0.156623141
FANCM,0.156182935
TWF1,0.155651008
GCC1,0.155025037
MAPKAPK5,0.154363893
PLEC,0.153305141
DERA,0.153247381
AKAP1,0.153199107
RARA,0.152840953
PRPF40B,0.152050412
MRPL40,0.151485075
BRF1,0.151369176
SENP6,0.150862207
POLR1E,0.150739424
ZSCAN21,0.149899988
ZNF577,0.149622643
LAMB2P1,0.148069445
TWF1P1,0.147940941
SLC49A4,0.146810784
HDHD2,0.146471282
SS18,0.146297756
SMCR8,0.146207713
FRS2,0.146204145
TASOR2,0.145721675
COX19,0.145290696
PEA15,0.143427704
FBXO45,0.14325824
TAF10,0.14296445
ANKAR,0.141951353
XXYLT1,0.141920836
HNRNPH2,0.141884954
TMEM147,0.141703984
LRRC23,0.141492207
MOAP1,0.141233972
SUMO1P3,0.141133345
ITGB8-AS1,0.140779491
TESK2,0.140095399
CTR9,0.140008582
ZNF182,0.139956444
USP33,0.139920386
PPP3CC,0.139905225
B3GNTL1,0.139722394
DIS3,0.13934592
ZSWIM4,0.138496083
SMARCD1,0.13749437
ARNTL,0.13677131
PPP2R2A,0.136504067
PIGC,0.1361689
ANKRD17,0.135940455
ALKBH1,0.135899108
TDGP1,0.134646452
TRMT61A,0.134085883
DDX11,0.133798213
CMC1,0.133003369
CFLAR,0.132886873
ZNF583,0.132853529
SMCO2,0.132813003
PSMA5,0.132115872
ARIH2,0.131799542
KRIT1,0.131259013
OTUD4P1,0.130799861
ARMCX7P,0.129876573
NT5C3B,0.129443199
ZNF513,0.129384252
DNAJC18,0.128883479
MFSD14A,0.127729
CEBPG,0.127459411
GDI2,0.126028287
ZNF772,0.125983816
IRGQ,0.125939317
FOXJ2,0.125253094
HMGN3-AS1,0.124995242
ZBTB3,0.124718244
ALDH1A3-AS1,0.124587253
CD2BP2,0.122827194
SNRPE,0.122304487
PPP3CA,0.1220016
NBPF19,0.1212859
LARP1B,0.120882985
ADPGK,0.120413905
URM1,0.120228917
CNPY4,0.11899222
EXOC8,0.118527523
TMEM53,0.118374092
MZF1-AS1,0.118101564
ARHGAP11B-DT,0.116938744
CDK2AP2,0.116683415
SNRNP200,0.116665401
CLUH,0.116177851
ESS2,0.11513707
ELMOD3,0.114918141
MRPS11,0.114641818
H2AC12,0.114460309
SLTM,0.114013361
NFIX,0.113010851
USP25,0.112164942
PRIMPOL,0.111603646
IL6,0.111530178
DHPS,0.110066102
CHCHD2,0.10960699
ELAC1,0.109325666
MRPS33,0.108664093
MVB12A,0.108537853
LEMD2,0.108354618
ZFHX3-AS1,0.107888453
MYO19,0.10753112
UBR7,0.106901305
FKBP14,0.105678033
LINC00174,0.105432483
TIA1,0.104071726
CBX5,0.103622975
ANAPC11,0.101969623
ZNF3,0.101374054
TARS1,0.100492567
RPRD1B,0.100345366
NDUFV2-AS1,0.098479976
P2RX7,0.09799363
EIF2AK1,0.097804774
PMS2P5,0.097077066
ARFGAP3,0.096821209
GUSBP16,0.096775944
ITPA,0.096660111
SDHAP4,0.09658562
CPD,0.095744195
ZNRD2,0.095532865
EEF1E1,0.094773959
MRPS10,0.094606464
PRPF4,0.093948269
HPS1,0.092344365
TFB2M,0.091776368
UBB,0.091755162
CDC42SE1,0.091557129
TMEM81,0.091556476
H2AC20,0.090731789
C18orf54,0.090659409
TRMT61B,0.090313578
MRAS,0.089679985
RPS6KA5,0.089569952
GPX1,0.088540591
H3P14,0.08842562
DENND5B,0.088238899
GOLGA2,0.087295083
ESYT1,0.086382906
ENPP4,0.086155876
GOLGA7,0.086086282
C2orf42,0.085751604
KCTD3,0.085245419
INTS14,0.085196632
MED1,0.084511566
RXYLT1,0.084135863
LINC00938,0.082680962
USP46,0.082397973
POLD4,0.082211869
ABITRAM,0.081521112
ZNF451,0.081393712
TYW1,0.080199385
DPH1,0.078908045
TLNRD1,0.078847879
IL10RA,0.078791272
TBC1D3K,0.078462763
SLC26A6,0.078198995
PPFIA1,0.075974211
C5orf34,0.075967214
EIF3C,0.075480047
ILRUN,0.075456056
CDC37L1,0.074990028
MDH2,0.074658637
FGFR1,0.074561533
CLIC4P1,0.074346457
CARF,0.074024016
SIPA1L1,0.071181453
GEMIN2,0.07108019
EIF1B,0.070678095
ICAM1,0.070194383
EFCAB11,0.069742373
PDCD6P1,0.069634274
PTRH2,0.069319868
MLLT11,0.06926714
SDE2,0.068740681
TMEM203,0.068014292
RAB33B-AS1,0.067565382
GNPNAT1,0.067412062
ESD,0.066695283
VPS39,0.06664859
BCL3,0.066321377
PELI3,0.065922101
FAAP100,0.064947641
FADS1,0.063775279
FAM217B,0.063128326
MAP2K7,0.062994834
CD58,0.062193451
FUZ,0.061230866
ZDHHC6,0.060787533
PPID,0.059918773
ZNF273,0.058483132
HIKESHI,0.057435016
LMBR1L,0.056385428
ARHGDIA,0.056197393
LINC00630,0.055847935
OCIAD1,0.055673876
NOMO2,0.054757516
SLC35D1,0.053169065
SGCB,0.052728655
WDR61,0.052444647
MRPL22,0.052319132
FTH1P3,0.051808055
ASTE1,0.051675762
ABCB10,0.051413475
USP38,0.0510766
RGP1,0.051006852
PRRC2A,0.050462091
MT-TT,0.050157924
CAPRIN1,0.049947979
LINC00680,0.048972634
PSMA6,0.04830507
FLAD1,0.048196507
SMG1P2,0.047248842
BCDIN3D,0.047009411
CNDP2,0.044994527
NSUN2,0.044643745
PCSK5,0.043475574
GPATCH11,0.042097032
KLF16,0.041390928
LINC01948,0.041385815
GTF3C3,0.040048779
SUSD1,0.039309962
CAMK1G,0.039274043
BMS1P1,0.038887851
PDXK,0.036615567
PNN,0.0363474
NT5C,0.036314931
TBC1D3I,0.035522998
NBPF20,0.035422422
MARVELD2,0.035406205
PRKAR2B,0.034490177
SRPK1,0.034166185
ZFPL1,0.033561303
ABHD8,0.033237521
SERBP1P6,0.032944201
CDK12,0.032818403
SRP54,0.032535017
RWDD3,0.032246259
GPR155,0.031642163
SNHG3,0.029955225
CARD16,0.029719398
UBE2Q2P1,0.029350812
N4BP2L2,0.029324484
RPL4P6,0.028327155
EIF4E,0.027142239
WDSUB1,0.026942463
MKLN1-AS,0.026441982
TRMT10A,0.026400403
RUNX3-AS1,0.025312213
RPL32P3,0.025186796
MRPS7,0.025005244
H2AX,0.024653108
FANCL,0.024466441
NUDT22,0.023824623
MX2,0.023814982
MCTP2,0.023368931
NFXL1,0.022938413
SUPT16HP1,0.022897566
ZBTB34,0.021683055
MEF2A,0.020903884
DVL3,0.020200525
FABP5P1,0.019621814
EML3,0.01960319
IRAK4,0.019495361
KCTD10,0.018957112
ZNF202,0.017226222
DXO,0.017117875
SGTA,0.016995531
SLF1,0.016813577
CDAN1,0.016574972
POLR2J3,0.016483379
RPS6KA3,0.016451309
ATRN,0.016188426
ATP8A1,0.01598611
FBXL4,0.015320076
ZNF839,0.014850967
MAPK11,0.01466982
SSH3,0.014535942
FBXW2,0.013487199
MRPL46,0.013470731
C14orf119,0.012661002
GTPBP8,0.011878724
DDX1,0.011130982
TCF20,0.011081166
LAPTM4A,0.011018952
LDAF1,0.010947143
SNRPN,0.010775018
SYNE2,0.009774169
EIF3J,0.009699401
ZDHHC17,0.009499357
RANBP10,0.009451049
BCL2L14,0.008639089
SDR39U1,0.008353027
SMIM27,0.007582935
ZCCHC17,0.00700487
VPS28,0.006512568
LIPT2,0.006318526
ASB6,0.006297583
ZNF566,0.005866203
PTMS,0.005031248
LNCTAM34A,0.004591534
ZBED8,0.002629409
ZNF782,0.001964977
CC2D2B,0.000733734
NARS2,0.00065108
FRS3,5.75E-05
LUZP1,-0.000432174
CHPF,-0.000671373
TOP2B,-0.00201219
FHIP1B,-0.002400318
TRAPPC2L,-0.002578225
ZNF691-DT,-0.003909343
ABALON,-0.004185817
LRWD1,-0.005616664
EIF2B1,-0.006098648
MRPL44,-0.006800147
NOTCH2NLA,-0.006916755
ZFYVE21,-0.007075273
UBL7-DT,-0.007318954
IL13RA1,-0.007810772
THYN1,-0.008060924
ZNF462,-0.008150122
GSPT1,-0.008171725
ANKRD44-IT1,-0.008278004
PPP2R3C,-0.008655289
TRAP1,-0.009628652
PPP2CA,-0.010047703
HECTD4,-0.010118681
SMU1,-0.01122013
H1-3,-0.01236061
RPUSD2,-0.012970565
DROSHA,-0.013329714
THRA,-0.013382705
KAT2B,-0.013692448
C8orf44,-0.013827646
RNF216,-0.014705769
EIF3K,-0.015641855
ADK,-0.015763222
KIF13B,-0.016493723
ANXA7,-0.017081621
TMEM229B,-0.017814833
SMC5,-0.018129594
ZNF818P,-0.018408432
AHNAK2,-0.018641657
ZNF431,-0.018685689
TMEM219,-0.019042698
SRXN1,-0.02047099
GRIN1,-0.020702583
DDOST,-0.02077015
ZNF92,-0.021784098
HUWE1,-0.023842149
NPIPB3,-0.024492934
CTBP1-DT,-0.024746575
ZC3H11A,-0.025080066
TAF6L,-0.025128304
RABL3,-0.025666191
NMNAT1,-0.026573645
TIGD2,-0.026673685
CCDC88B,-0.027154246
TMEM158,-0.027928495
FAM91A3P,-0.029039288
TMEM234,-0.029501238
TMEM255A,-0.030047467
OTUD1,-0.030352991
EPB41L2,-0.030657991
CIP2A,-0.030689123
VPS26C,-0.031794711
FAM21EP,-0.031868024
RINL,-0.032833829
PER2,-0.033595604
IPO5,-0.033672055
ATF2,-0.033937142
OGDH,-0.034376675
ZDHHC7,-0.034578769
USP10,-0.035392262
SNRPG,-0.036408718
RBMX2,-0.037159947
NBR2,-0.037621687
RBMS2P1,-0.037714063
LINC02969,-0.037728346
KLF13,-0.037980779
PPCDC,-0.038744193
CFAP20,-0.039213557
ZNF91,-0.039290613
GXYLT1,-0.040227066
EXTL3,-0.040632342
ZSCAN20,-0.041135935
ZBTB6,-0.041574766
LINC00243,-0.043551595
ZC3H12D,-0.043933125
MRM3,-0.044542197
USP34-DT,-0.045916547
AGAP4,-0.046155481
NFKBIE,-0.046476018
OAS2,-0.047109023
SLC41A3,-0.047216981
ROGDI,-0.04751304
CEP83,-0.047622629
VIPAS39,-0.047753694
TMEM41B,-0.047946508
ARHGAP35,-0.049067239
CHTOP,-0.04974621
STN1,-0.050360098
APOO,-0.050403603
ILF2,-0.051855358
PISD,-0.052468217
CDK14,-0.052809684
GNB5,-0.05305872
KRBA1,-0.05424842
FAF2,-0.054591483
UBQLN2,-0.055424665
S1PR4,-0.055549193
TXN2,-0.055749366
ZNRF1,-0.056576038
PMF1,-0.056722323
C19orf54,-0.057744582
NFS1,-0.057871384
ZNF382,-0.058047653
ZFAT,-0.058910119
HIRIP3,-0.060989338
UPF1,-0.061816106
ABCC1,-0.062986974
TCF7L2,-0.064130827
ZFP91,-0.064212825
DTD2,-0.064453367
TRMT44,-0.065112436
GALNT11,-0.065258854
ABHD15,-0.065339462
CCNB2,-0.067338167
PLEKHA3,-0.067532308
ZNF597,-0.068724987
TMCO6,-0.071093347
ABCF1,-0.071180616
ZNF764,-0.071394771
PANK4,-0.071467804
H2AC8,-0.071503311
IL15,-0.072680555
ARHGAP6,-0.072929402
CD52,-0.073538357
KLHL36,-0.073992704
TRUB2,-0.0740673
IL7,-0.074321293
LINC02976,-0.074340136
ANKRD28,-0.074576944
KIF3A,-0.074648589
TRIP4,-0.075170328
ARL16,-0.075332349
NPIPB12,-0.075913659
SMIM26,-0.076549008
TULP3,-0.077663051
RNF149,-0.078788063
PPIEL,-0.078790481
CSAD,-0.078850156
H2BC8,-0.079130744
NOTCH2NLC,-0.07915052
ZNF658,-0.079947179
UPF3AP2,-0.079994338
RBM5,-0.08006416
MRPL27,-0.080939876
TECRP1,-0.081560491
POLR2M,-0.082129465
GCLC,-0.082460238
ERMN,-0.082588588
FUBP3,-0.082841778
BICDL1,-0.08319593
SH3GLB2,-0.083662122
TBCCD1,-0.084609935
FOXO4,-0.08562061
SOS1-IT1,-0.087129028
ZDHHC24,-0.087506194
CTIF,-0.087914067
ACACA,-0.088686596
RALGAPA2,-0.089525024
ZNF10,-0.091002845
CBR1,-0.091103744
TKFC,-0.091901484
IL1R1,-0.093190568
RAMACL,-0.093444614
KIAA0753,-0.093474465
TTC32,-0.093543465
NIPBL-DT,-0.093764993
PSMD4,-0.094706267
COQ8B,-0.094959304
FGD5-AS1,-0.095579462
GMEB1,-0.095835466
PHF23,-0.096379102
GLB1,-0.097045857
ALOX15,-0.097082829
CERS6-AS1,-0.097425161
TVP23C,-0.097681189
BTRC,-0.097756095
GRB2,-0.098533812
VAMP2,-0.098967563
FAM214A,-0.099237108
ALKBH7,-0.099631934
COX10-DT,-0.099747873
SEC23A,-0.099845237
BBS7,-0.100296239
GATB,-0.100373604
TMEM222,-0.100388678
PNPLA4,-0.100654247
AARS1,-0.10097874
CENPL,-0.101006964
LTO1,-0.101325082
FZD2,-0.101474697
NDUFAF7,-0.101857332
S100A6,-0.102277647
PPP1CA,-0.103236535
NUTM2D,-0.103730193
USP42,-0.104044652
PSMD5,-0.104067637
TMEM176A,-0.104668109
LSM11,-0.104673348
CREB5,-0.105048268
TBC1D7,-0.105580661
UBA3,-0.105678685
GRIN2D,-0.106089924
ZNF655,-0.107632229
ORMDL3,-0.107764768
PLPP6,-0.109129728
B9D2,-0.109243907
B3GLCT,-0.110066462
BCAS2,-0.110486765
KIZ,-0.110590396
ERO1B,-0.110666981
PUS3,-0.110673818
POC1B-AS1,-0.110805394
SCRN2,-0.11141399
FOSL1,-0.111511716
LRRC37A,-0.111657035
SPPL3,-0.112236597
CRTC1,-0.112593646
KIAA1328,-0.113065945
CCDC96,-0.113712635
C3orf14,-0.113799449
INO80E,-0.113903041
PEX5,-0.11401363
ZSCAN5A,-0.11423326
NIPAL3,-0.114325798
UBE2I,-0.114615935
LEMD3,-0.115146431
NFU1,-0.115378138
ATAT1,-0.115638561
TNFRSF10C,-0.118114518
HSD17B7,-0.118814005
RMDN3,-0.118875457
ZNNT1,-0.118968055
TELO2,-0.119375873
TTC37,-0.11940736
MRPL15,-0.119693335
ALAS1,-0.123578467
COX10,-0.123705073
TNRC6A,-0.125555464
SLC48A1,-0.125881179
PRDX6,-0.126447316
GARRE1,-0.126565169
ST6GALNAC2,-0.127234772
PIN4,-0.127393901
HEATR5A,-0.127396276
PINK1-AS,-0.127519423
PERP,-0.127606843
VPS72,-0.130975793
PHYH,-0.131132196
GLCCI1,-0.131760713
LAPTM5,-0.131836705
RBMXP2,-0.131904533
GBP5,-0.132048778
RPL7L1,-0.132170367
PSMG4,-0.134856069
ZNF442,-0.135463528
INPP5E,-0.135663609
EXOSC3,-0.136141246
SORD,-0.136552011
NPIPB4,-0.136834719
APMAP,-0.136923609
AGTPBP1,-0.138759725
ERCC4,-0.138923096
YAE1,-0.139103713
CRAMP1,-0.139696028
TRAM1,-0.139765
TATDN3,-0.139913452
IKBKB,-0.141170506
JRK,-0.141484801
RAB11FIP3,-0.142623434
EIF2S3B,-0.143801972
LYRM9,-0.144734448
USP45,-0.14487219
SELENOO,-0.145543751
USF1,-0.14708648
NLRC5,-0.147278469
RSPRY1,-0.147333265
FAM136A,-0.148233977
TBC1D12,-0.148424564
SUPT3H,-0.14897523
GUSBP15,-0.150146227
SERGEF,-0.15034116
EOLA2-DT,-0.151052063
ICE2,-0.152042289
CHD8,-0.153849344
BMP1,-0.155650933
AFG3L1P,-0.156134953
EMBP1,-0.156343368
PDIA5,-0.157534444
STMP1,-0.158377288
RAB5IF,-0.158832195
GTF2B,-0.160072828
SLC19A2,-0.160243732
SPTY2D1,-0.160264761
KLC2,-0.160336304
TECTA,-0.16063933
UFL1,-0.163021131
NKAP,-0.163470307
PIN1,-0.164133927
TRMT13,-0.164582805
COX6C,-0.164608542
MELTF,-0.165305091
NGRN,-0.165558924
ZNF569,-0.165576837
GPR107,-0.165747814
POLR3C,-0.166316818
CSNK2A1,-0.166386271
PAQR3,-0.166746805
C22orf39,-0.16682118
MCAT,-0.167134075
HINFP,-0.167156146
IKBKGP1,-0.167767846
BAG5,-0.167955774
TMEM231,-0.16821495
ELK4,-0.168538924
ENGASE,-0.168622563
P2RX4,-0.168743305
PLA2G12A,-0.169365302
ARL6IP5,-0.170564856
KIF22,-0.170729898
CLPTM1L,-0.171133127
SUCLA2,-0.171469652
TRAPPC2,-0.171973545
TBCE,-0.172319528
NSMCE2,-0.172501227
NR6A1,-0.172781953
RBM12,-0.172797129
NPIPB11,-0.174876148
FN3KRP,-0.175058733
GALT,-0.175210258
SUPT7L,-0.17528576
ORC2,-0.175710618
YWHAZP2,-0.176567072
IRF3,-0.176946782
YIPF4,-0.177447222
SNIP1,-0.177739921
KLHL11,-0.178134884
CDKAL1,-0.178361956
ZNF875,-0.179680502
GCLM,-0.180152336
PFDN2,-0.18072723
ITFG1,-0.182197833
USP13,-0.182976495
VEZT,-0.183252577
MRTO4,-0.183370521
NIFK-AS1,-0.183511977
DNAL4,-0.184006817
TBC1D23,-0.18409062
TTLL1,-0.18442166
C8orf58,-0.184814954
STAT5A,-0.184825682
ANKRD46,-0.185185143
EBAG9,-0.185730486
VPS37A,-0.186572711
ERI3,-0.186866659
BPHL,-0.187004736
MED13L,-0.187246629
MYNN,-0.187658584
ZNF175,-0.188026038
N4BP3,-0.188673812
PLEKHJ1,-0.189632626
TMEM50B,-0.189776722
LINC00662,-0.190025092
KRTCAP2,-0.190597384
SMG1P3,-0.190729884
CCDC134,-0.192017409
SPRYD4,-0.192836393
DYNC1I2P1,-0.193435464
CORO2A,-0.194596483
LLGL2,-0.194696699
AMOTL1,-0.194720275
DSTN,-0.195225876
ANKS3,-0.195361735
A1BG-AS1,-0.195894229
TRPM4,-0.196298434
ISG20L2,-0.196907935
TAMM41,-0.197894013
ORC4,-0.198498739
MIRLET7A1HG,-0.198988668
BOD1L1,-0.199322159
GPAA1,-0.199718095
GATC,-0.199758748
YWHAZ,-0.2011494
KRAS,-0.201709003
PABIR3,-0.202078615
PPP3CB,-0.202252008
GLUD2,-0.202718055
FIS1,-0.2035203
PTBP1,-0.20410128
TMEM11,-0.20413547
SGO2,-0.204799561
KMT5AP2,-0.20651358
ZNF677,-0.206583363
SCML1,-0.207143281
BCR,-0.207149401
NSUN5,-0.207532076
BBS12,-0.207914435
HABP4,-0.208125675
TMEM161A,-0.208262315
RMI1,-0.20905722
EIF5AL1,-0.209760401
PCNX3,-0.209855982
ZC3H10,-0.210691513
RBBP7,-0.211324804
RAD51C,-0.211472951
ZNF117,-0.211642147
ZNF429,-0.211800045
DPM3,-0.211840097
CDC14A,-0.212134943
GLRX3,-0.212872664
FBXW7,-0.212941634
MX1,-0.215156997
L3HYPDH,-0.21634848
CIDECP1,-0.216379808
FAM120C,-0.217329514
PBX2P1,-0.218926618
TTPAL,-0.219144571
URI1,-0.219312449
TRPM7,-0.219829158
ZNF649,-0.220019062
IQCB1,-0.220835906
C11orf24,-0.221078164
HLTF,-0.221518297
COPS7A,-0.222221457
PINK1,-0.222282004
TXNDC15,-0.222783045
DCUN1D2,-0.22285804
TENT2,-0.223017246
CUL2,-0.224015519
SHOC2,-0.224159573
USP27X,-0.224325383
DCAF8,-0.225159047
DYNC1LI1,-0.225387052
ANAPC1P2,-0.227312649
ASB13,-0.22757408
RNF20,-0.228099696
SMG1P4,-0.228895488
TGIF2,-0.22994851
RSRC1,-0.229993985
TMEM230,-0.230368364
ARL8A,-0.231258506
ZG16B,-0.231481241
MFSD14C,-0.232415961
TMPRSS13,-0.23261989
ACVR1,-0.232840675
PCGF3,-0.232965413
AKAP8,-0.23301137
FAAP24,-0.233341746
GNB1,-0.233977695
COX11,-0.233977701
SP2,-0.235051273
DAP3,-0.235058769
MRRF,-0.235306282
LYPLAL1,-0.235772193
HELZ2,-0.236115413
REV1,-0.240091299
LRRC37A4P,-0.240684453
ADAM28,-0.241618603
MED26,-0.242150773
CDC123,-0.242515231
GSTP1,-0.243285806
PHACTR2,-0.24355988
ZNF419,-0.243878424
WDR76,-0.244393953
MRPL23,-0.245249635
CPT1A,-0.246662671
TTI1,-0.246841687
ATG10,-0.247868417
COPS5,-0.24815512
NDUFB5,-0.248328088
TIMM17A,-0.248411741
SUPT4H1,-0.248804347
RNPS1P1,-0.248809854
CDK18,-0.248813788
AGPAT2,-0.249912589
LAMB1,-0.250051182
MTRES1,-0.250950692
ATG13,-0.252221294
FLT1,-0.253757795
CYP2U1,-0.254340952
SYT9-AS1,-0.254575791
ZNF302,-0.255004937
ANO9,-0.255729089
MAVS,-0.256015726
GK4P,-0.256078504
TMEM260,-0.256576389
SVIL-AS1,-0.257014673
H3C10,-0.257581313
USP31,-0.259448464
TAF13,-0.260867729
ADAL,-0.261196241
AP1G2-AS1,-0.261372684
ATP5MG,-0.261381172
RNF170,-0.261510617
CHKB,-0.261919929
KAT5,-0.262194621
DNAJB14,-0.26225405
NDUFB7,-0.262667737
IFT22,-0.262933484
NSRP1,-0.263048711
TCEAL1,-0.263610109
ARFRP1,-0.263816697
ZNF529-AS1,-0.266100314
ARCN1,-0.266945549
STRN4,-0.267779363
SYK,-0.268024122
TMA16,-0.268194275
TOM1,-0.268813322
PSKH1,-0.268827097
ZNF542P,-0.269275749
NAB1,-0.269840062
IGF2BP2,-0.270343182
ADAMDEC1,-0.270558077
STAM,-0.270569666
CSNK2A3,-0.270876393
LRRC37A2,-0.271622805
RRP7BP,-0.272483534
CLCN7,-0.272655457
SNX3,-0.272779174
TEFM,-0.272807795
TRIM66,-0.274643685
PPP2CB,-0.275412342
LRP5L,-0.276489579
VCPIP1,-0.276687335
PSMA2,-0.276746619
ZNF322P1,-0.280011002
RIOX1,-0.280168098
NOTCH2,-0.280777809
NBPF8,-0.281902728
TMEM63A,-0.282347712
ILRUN-AS1,-0.282731516
PATZ1,-0.282846829
ITCH,-0.28346337
ATXN7L1,-0.28404873
TSTD3,-0.284606537
NDUFA5,-0.285972311
PIP4K2C,-0.286103464
MIS12,-0.287393305
CCDC71,-0.287492001
TTI2,-0.288350617
LUC7L,-0.288596295
RAB1A,-0.288758465
ATP5F1D,-0.28914522
KCNAB2,-0.289681053
NUP54,-0.290310063
C21orf91,-0.291241339
BAX,-0.291463976
TRIO,-0.292186991
GUSBP17,-0.292307778
GTF3C1,-0.292710835
SARM1,-0.293350202
ERAP2,-0.2944409
HDAC6,-0.296006921
ATXN7L2,-0.296063245
ZNF582,-0.296105736
NPIPB6,-0.29696639
SOD1,-0.297230523
ZNF189,-0.297239249
ARFGEF2,-0.297505053
LINC00667,-0.297587885
RRBP1,-0.297775636
RAB3GAP2,-0.29834874
NDUFA12,-0.298666011
MARK3,-0.298960224
SLC39A7,-0.299324152
AACS,-0.299408478
ISCA2,-0.299776275
FTH1P1,-0.301636985
FHIT,-0.302256182
GPKOW,-0.302737871
SRC,-0.303278067
OTUD3,-0.303405047
TAF12,-0.304534959
MTRR,-0.305241469
FBXO28,-0.305464508
RILPL1,-0.305741696
RMND5A,-0.306244562
DCTN6,-0.307088217
AP1G1,-0.307651062
ZMAT5,-0.307723121
CCDC9,-0.308344227
ZNF777,-0.309589302
INTS15,-0.309781142
HAPLN3,-0.310538546
GUSBP11,-0.310830655
NPIPB13,-0.311117567
NAIF1,-0.311930554
PSMA4,-0.312443676
TYRO3P,-0.312503788
PITPNA,-0.312783173
PTPRO,-0.313573104
ZC3HC1,-0.315124697
C5orf24,-0.316919537
STMN1,-0.317122246
UTP14A,-0.317562224
POFUT1,-0.317581686
ACD,-0.317918841
LENG1,-0.318637821
DCUN1D5,-0.318691505
DTWD2,-0.319256507
NUP133,-0.319348751
DPAGT1,-0.319427994
BUD13,-0.319486849
NDST2,-0.319565638
KANSL1L-AS1,-0.319597549
TMOD2,-0.320030734
TMUB2,-0.320231467
NMRAL1,-0.32065345
BMPR1A,-0.32087061
CFAP298,-0.321078819
RING1,-0.321669002
NDUFB6,-0.322881353
PTPRM,-0.322958924
SEMA4F,-0.322996615
MOGS,-0.324451995
LANCL2,-0.324654467
PCBD1,-0.326632632
TOMM70,-0.326682555
MAPK3,-0.326743988
RIDA,-0.326945942
ZNF37BP,-0.327210364
LTBP4,-0.328272842
ERVK13-1,-0.328657973
DSE,-0.329225706
MAP7,-0.330237954
RGPD5,-0.330782431
RGPD6,-0.331449227
MCCC1,-0.331476685
ODF2L,-0.332435111
ABCA2,-0.333492996
SMU1P1,-0.334302562
ATMIN,-0.334842936
FAM117A,-0.334987609
EPM2A,-0.335195579
HELLS,-0.335520685
AFTPH,-0.336387701
TRIM21,-0.337387653
HIP1R,-0.337514712
KCTD7,-0.338797656
COX6A1P2,-0.338907237
SLC25A25,-0.338973875
CYB5R3,-0.33909993
BEST1,-0.340773983
CAMKK2,-0.340910082
PLEKHM2,-0.342572953
TAF8,-0.342744816
CEP170P1,-0.342914943
SRSF2,-0.343183781
RNF4,-0.343211427
GNAQP1,-0.344021847
SLC7A5,-0.344040263
RALY,-0.344239205
STK38L,-0.344611768
EIF2B4,-0.345703219
TRIM33,-0.347465516
R3HDM4,-0.34792336
ZNF17,-0.348379432
PDE8A,-0.348483065
ARMCX1,-0.348628244
CSNK1G1,-0.350223046
F11R,-0.3506139
RAB6C,-0.350778691
KIF1B,-0.351238706
FAM120B,-0.351366286
ATG5,-0.351376986
DBT,-0.351501179
BDP1,-0.351544801
RTN4,-0.35239363
COQ2,-0.352556629
JMJD1C,-0.352961971
SRRD,-0.353076671
ZNHIT2,-0.353297756
GOLGA4,-0.353797857
UBE2A,-0.353958917
PARL,-0.354165165
LENG8-AS1,-0.354559205
ADRM1,-0.355399156
MIEF1,-0.355616333
TNNI2,-0.355720851
ZNF718,-0.355731925
NFIC,-0.355805031
GPATCH1,-0.356091888
COQ9,-0.356287923
MCM9,-0.356658861
SPATA5,-0.356767531
PAN3-AS1,-0.357339127
CRLF3,-0.357991565
BDNF-AS,-0.358077646
LRRFIP2,-0.358346426
CAD,-0.358397414
ALG5,-0.361228691
FBXO30,-0.362623337
NOC4L,-0.362757798
MVK,-0.362860614
ERP44,-0.364460263
SPINT1,-0.364585074
DTX2P1,-0.365567839
RCOR1,-0.366570966
DCTN4,-0.367545193
ACTR3B,-0.367557662
PIGH,-0.367730966
DHX16,-0.368800572
LINC-PINT,-0.36917787
TADA1,-0.369428638
RHOA,-0.370423909
LINC01278,-0.370581313
TRAF6,-0.370886449
PPIG,-0.37096913
DHX38,-0.371248309
NIT2,-0.371756592
ALG10B,-0.372638228
MDH1,-0.373218419
SMG1P1,-0.373770175
CRACR2A,-0.373845728
DHTKD1,-0.374165529
CEBPZ,-0.374236528
OPRL1,-0.374816876
ARID4A,-0.375008351
SS18L2,-0.37640431
ZNF600,-0.377723089
SWI5,-0.378641078
SC5D,-0.379196889
FBXO11,-0.379416239
PEX6,-0.379423349
PPP2R1A,-0.37980878
FEZ2,-0.379944349
LATS2,-0.380053793
PWP2,-0.380726066
PLPPR2,-0.381159775
TMEM94,-0.381707306
TOR1B,-0.382316899
ZNF678,-0.382670462
MIGA1,-0.382964758
VPS33B,-0.384730276
IL2RA,-0.385895014
SEC22B3P,-0.386165895
TRMT11,-0.386255455
SLAIN2,-0.386811403
GALK2,-0.387968002
CTTN,-0.388363948
FANCI,-0.388678848
CASP8AP2,-0.388888732
CEACAM16-AS1,-0.389638528
MED21,-0.389745599
PSD4,-0.389819987
ST6GALNAC4,-0.390182112
NDUFB3,-0.390546101
ALYREF,-0.390692318
ZNF329,-0.391821302
NEK3,-0.391888288
IPO13,-0.391890836
IL20RB,-0.392115068
ZNF146,-0.392354615
RHOQ,-0.393398178
BBS2,-0.393786182
ZNF346,-0.393877657
RFX5,-0.39396926
UBL3,-0.394075703
SUPT20H,-0.397109289
NIF3L1,-0.397389798
NOL10,-0.397732395
SEPTIN1,-0.397744152
GON7,-0.398038386
PSMD9,-0.398130554
MED17,-0.39854147
MOSMO,-0.398562074
C3orf62,-0.398754375
RBM41,-0.39964425
LZTR1,-0.399832798
RPP25,-0.400057843
PRKD3,-0.400430697
TMEM87A,-0.401580999
CYSLTR2,-0.401847212
ST8SIA1,-0.401879172
MIEF2,-0.402070389
ZFYVE16,-0.40219149
FAM225A,-0.402252497
TP73-AS1,-0.402472471
SETP21,-0.402912108
KCNQ1OT1,-0.403064452
TMEM242,-0.403165715
CEP162,-0.403880052
FBXL14,-0.404782755
HDGFL3,-0.405295389
NUDC,-0.40602632
LIAS,-0.406206274
ZNF407-AS1,-0.40668091
MYADM,-0.406808983
LAMA5,-0.407296585
COPS3,-0.407410823
ARL1,-0.408279499
ZNF185,-0.409711051
LGALS3,-0.410531106
SDC4,-0.411124675
STAG3,-0.412065802
HSP90B1,-0.412455226
SUZ12P1,-0.413871024
LINC00499,-0.414796168
MTHFD2L,-0.414899765
CDKN2B,-0.415097418
ABI2,-0.415497903
PHLDB1,-0.415635358
CRK,-0.41576784
UPF3AP1,-0.415826432
ZNF132,-0.416646873
DPY19L4,-0.417303017
NOL9,-0.417311599
ZKSCAN4,-0.417357602
CEP112,-0.417369754
PTGR2,-0.417735139
AP3B1,-0.417976482
COMMD6,-0.418331939
NEURL4,-0.419949004
FAM192BP,-0.419975949
PUS10,-0.420158228
WDR62,-0.420675512
WDR36,-0.421056969
ZNF410,-0.421259735
STIM2,-0.421476292
MTREX,-0.421758882
NOMO3,-0.422171363
WRAP73,-0.422603503
TPM3P9,-0.423091682
GATD1,-0.423245182
PRKCI,-0.423395716
AKT3,-0.423449663
ZNF420,-0.423512488
FMNL1-AS1,-0.424123613
ZW10,-0.425695234
TAF4B,-0.42630441
ANKRD36C,-0.42656571
ZNF707,-0.427236365
GPX3,-0.427440863
PRPF19,-0.42792279
CA5BP1,-0.429602086
IKBKG,-0.429789578
ZNF506,-0.430023017
RNF103,-0.430318302
VMA21,-0.430563538
CCDC43,-0.431120712
ZNF616,-0.431177134
UFSP2,-0.431267805
FEN1,-0.433061338
TOMM5,-0.433129473
GMDS,-0.433159205
SLC35G1,-0.433763866
CTDSP2,-0.434353389
ZNF543,-0.434357894
FBXO8,-0.434456822
ARGLU1,-0.43456389
HDX,-0.434789011
USPL1,-0.436996137
ACO2,-0.438647564
OTUB1,-0.440211813
SEC23IP,-0.440372115
SLC24A4,-0.440951089
ZNF524,-0.441034737
ZNF746,-0.441751111
NOTCH2NLB,-0.441760246
SRCAP,-0.442066806
PEX10,-0.442177861
NEIL3,-0.442588147
RND1,-0.44278042
N4BP2,-0.443444949
CCDC62,-0.443891433
CPQ,-0.44628942
ZPR1,-0.446403988
VPS13D,-0.446566065
RGS2,-0.447083578
RNF32-DT,-0.447240047
CZIB,-0.447483553
MRPL37P1,-0.447662363
GSDMD,-0.447790349
METTL18,-0.447993484
ZNF394,-0.448248718
CCDC183-AS1,-0.448809854
APTR,-0.450144315
YES1P1,-0.45079126
PPIH,-0.451072176
TSGA10,-0.45254382
DCLRE1A,-0.452784748
SEC22A,-0.453023988
ZMYND11,-0.453095142
DPH5-DT,-0.453192015
HNRNPRP1,-0.453236992
HDDC3,-0.453286882
MYL12B,-0.453688939
TACO1,-0.45383686
EIF4EP2,-0.454363923
DENND10P1,-0.454367426
MT-ND5,-0.454437663
MRPL24,-0.454499581
ZNF696,-0.454953785
ZNF737,-0.454965559
KATNIP,-0.45542725
HNRNPLP2,-0.455549193
ZNF699,-0.456356746
SYAP1,-0.457358915
TMPO-AS1,-0.457846878
TMEM126B,-0.457948565
SFMBT1,-0.458275958
WDR45,-0.458683115
PRMT9,-0.459331983
MOSPD2,-0.459355489
ZNF805,-0.459496501
OXLD1,-0.462795011
SLMAP,-0.463259438
RFWD3,-0.463412354
RWDD1,-0.463430871
PSMD11,-0.463593115
RPL23AP25,-0.464000414
MRPL54,-0.464958609
DCAF16,-0.466118823
TARDBP,-0.466813322
PSMD12,-0.467274562
PRPF38B,-0.467477739
EIF6,-0.467492702
ANKRD40,-0.467653134
ARPC3P3,-0.467704772
TACSTD2,-0.467970316
CPEB4,-0.468758884
BRPF3,-0.468984659
DANCR,-0.470209814
GGTLC2,-0.471013657
MCMBP,-0.473155126
ASH1L-AS1,-0.47335621
UBAC2,-0.473737805
ERVK3-1,-0.473915518
MYL6,-0.474259875
PLRG1,-0.474368007
HGH1,-0.47442143
CLPTM1,-0.474528565
RILP,-0.474685366
UBE2H,-0.474926662
C1orf174,-0.476278665
PBX2,-0.477723602
CENPX,-0.479539471
TUG1,-0.479624579
MARCHF3,-0.479993671
LRRC37A17P,-0.480122122
POLD2,-0.480231296
ATP5F1B,-0.480356717
PIPSL,-0.481050578
CCT4,-0.481198013
ANTKMT,-0.48123487
RNASEK,-0.482140432
SLC9A9,-0.482572658
PSMA6P1,-0.483492611
NPIPB5,-0.483811966
PLAG1,-0.483953161
CHFR,-0.484075583
UQCR10,-0.485126822
CNPY2,-0.485408534
MTX3,-0.48588054
CRCP,-0.486968054
LIPT2-AS1,-0.488027962
ALG12,-0.488190947
ZNF611,-0.490343025
IFI30,-0.490912046
PTPN23,-0.491145519
ZNF142,-0.492060851
CNOT2,-0.492423764
TMSB4XP4,-0.493560313
MLST8,-0.493727537
RPF1,-0.493860376
DGAT1,-0.494431141
PCNX1,-0.496652359
SUCLG1,-0.497284597
NKRF,-0.498786684
DRAP1,-0.498908472
SUV39H1,-0.499572187
MTCH2,-0.500022685
MTATP6P1,-0.500880165
ARMCX3,-0.501611288
CIAO2B,-0.502080913
ZBTB9,-0.502279932
DGCR2,-0.502333675
EHF,-0.502621369
PGAP1,-0.502842343
SNRNP48,-0.503682524
ELP5,-0.504279343
PGBD2,-0.504538602
MTBP,-0.505548125
IKZF5,-0.505670194
PPM1H,-0.505992574
ZNF568,-0.507327713
ATL3,-0.507921161
LMF1,-0.509106529
SMIM11,-0.509306604
COL24A1,-0.510587446
UBL4A,-0.51153184
LINC02193,-0.512083039
FTH1P16,-0.512694658
IVD,-0.513050013
MCCC2,-0.514301142
CARS1,-0.514434547
NBPF1,-0.51468538
ITPRIP,-0.51471776
CYP20A1,-0.515199366
FAM219A,-0.515526416
RAP1BL,-0.51554537
TMEM183A,-0.515624266
DYNC2LI1,-0.516732853
MGST3,-0.516875681
SREBF2,-0.517697608
PRAG1,-0.517994211
TSPAN13,-0.518029242
GSK3B,-0.518888441
CMTM4,-0.519175842
SPCS1,-0.522552891
TGDS,-0.523009588
C17orf75,-0.523325743
COG1,-0.524188172
ZNF496,-0.524943611
PMS2P2,-0.525296088
EMP2,-0.526031475
RANBP3,-0.526111793
ITGB1P1,-0.526127172
PHAX,-0.526463412
CFAP418,-0.52691811
FKBP11,-0.527254316
H3P6,-0.528413297
NSA2P7,-0.528812976
IDH3B,-0.529759018
TMEM183BP,-0.530187262
CYTH2,-0.530212618
PSAP,-0.530594653
PTTG1,-0.531412764
CCDC25,-0.532026461
BDH2,-0.532196436
CCDC14,-0.532500713
TBL3,-0.533033013
TCP1,-0.533230572
DNAJC2,-0.533886796
SNRNP27,-0.534716802
NIT1,-0.535639547
ZNF8,-0.536853602
FAM104A,-0.537883342
SFT2D1,-0.538606211
SLC17A9,-0.538827175
YBEY,-0.538865044
TRAF2,-0.539231722
CAPNS1,-0.53957738
NDUFB11,-0.540148007
INCENP,-0.540377036
IFT81,-0.541913361
FTSJ3,-0.542451304
ILVBL,-0.543196698
GCDH,-0.54392472
CARD11,-0.544057873
RO60,-0.544299851
UBL7,-0.546410067
ADAM19,-0.546944813
UBE3B,-0.547174171
MAD2L2,-0.547531535
LONP2,-0.547671255
CHRNB1,-0.549625223
TBC1D15,-0.549677122
RHEBP1,-0.549795304
MPG,-0.550994841
B3GALT4,-0.552326301
PMS2P13,-0.55357807
KTI12,-0.555244732
ZNF862,-0.557176871
ADGRL1-AS1,-0.557296145
TPTEP2,-0.557457494
SPTLC1,-0.557550534
LPP-AS2,-0.558582866
H2BC7,-0.560883668
TANC1,-0.561523503
THAP9,-0.562285324
TTC9C,-0.564090698
PPP1R7,-0.564235058
DPEP2,-0.564600764
RNH1,-0.565098374
JHY,-0.567430308
MEX3B,-0.568837001
TMEM198B,-0.569265579
PDE6D,-0.569840673
MSL2,-0.570001396
CPLANE1,-0.571018516
TMEM223,-0.571084349
RFC3,-0.571936458
PLGLB1,-0.571963912
ACTA2,-0.572610947
PROSER3,-0.572719958
SNHG26,-0.573463383
CEP43,-0.574245507
CPNE2,-0.574444802
FEM1B,-0.574828898
POLR3F,-0.575352468
BEND3,-0.575467492
FAM177A1,-0.57555699
TTC5,-0.575587366
C1orf52,-0.57631466
SDHC,-0.576376676
THUMPD1,-0.576434162
FUS,-0.576553775
RAD9B,-0.576711388
HSPB11,-0.576839034
ZNF79,-0.577435825
RNPC3,-0.57751738
TNFSF15,-0.577894507
SSBP4,-0.578744638
SPATA6,-0.578999712
AHCYL1,-0.579674409
CENPJ,-0.580436046
MYO1C,-0.580623451
NDFIP2,-0.580755329
C10orf55,-0.58076498
CXCL3,-0.581883284
H3C1,-0.58217352
IKZF2,-0.582315924
ENO3,-0.582645685
SEC63P1,-0.582831819
PDGFB,-0.58373928
ADH5,-0.584698056
DEDD2,-0.584801673
PTS,-0.584911571
P3H1,-0.585248801
PPM1B,-0.585840493
CALM3,-0.586311788
PGPEP1,-0.587143785
NSMCE4A,-0.587818693
PSPH,-0.587954816
PWWP2A,-0.589075071
MTHFSD,-0.589239678
QSOX1,-0.590111873
MOCS3,-0.591244193
PIGG,-0.592158263
NUDT15,-0.592252874
PARP14,-0.592253659
CWF19L2,-0.592477012
SYNRG,-0.593821616
C19orf25,-0.594206275
SARAF,-0.594350259
HECTD1,-0.594554722
ZNF550,-0.596027152
ARL17A,-0.59617921
LRRC41,-0.596899743
STAG1,-0.599315655
CIAO3,-0.599342629
SMIM13,-0.599442177
GDI2P2,-0.599567991
HS6ST1P1,-0.599638121
OAZ1,-0.599662328
LSM4,-0.59966515
PGRMC1,-0.599827762
ENOX2,-0.600873068
SCN1B,-0.601692302
PRR12,-0.601734673
SUMO4,-0.601787572
FIGNL1,-0.602796066
CSNK1D,-0.603059044
RWDD4,-0.603169718
HMMR,-0.603727158
YIPF6,-0.603789406
DLG1,-0.60394237
TRAPPC2B,-0.604403808
KPNA1,-0.604681363
JTB,-0.604849516
SMC1A,-0.605269647
TPBG,-0.605344523
KCNE5,-0.605593315
AGBL5,-0.606675275
SESTD1,-0.606787512
ATP5MF,-0.607972842
SMYD4,-0.607973108
MBNL1-AS1,-0.608413107
TADA2B,-0.60878147
ZNF646,-0.609097578
ZNF461,-0.610153121
ZNF222,-0.611839852
H2AC21,-0.61278077
RPGRIP1,-0.612785558
FASTKD1,-0.612800193
SMDT1,-0.612913841
EXOC2,-0.613635193
MIS18A,-0.614313985
DPM1,-0.614369717
TCAF1P1,-0.61444192
AP4S1,-0.615144286
SRGAP2D,-0.615583018
SEPTIN6,-0.61575624
RAB33B,-0.617683285
CHM,-0.618022683
THAP5,-0.61900789
MBOAT2,-0.620197279
SNF8,-0.620290374
FAM50B,-0.621574711
ZNF283,-0.621686556
TCEANC2,-0.621836545
SELENOH,-0.622315456
HELLPAR,-0.625434117
RALGAPA1P1,-0.625548752
SLC12A4,-0.626168153
FBXO5,-0.626172261
PSMB8-AS1,-0.626434232
LRRC27,-0.626436759
EXOSC8,-0.62739448
TMED9,-0.627948199
SHLD2P1,-0.628196085
NCF2,-0.628958774
SLC12A2,-0.629391294
CLCC1,-0.630789439
SIRT6,-0.63104812
ZNF684,-0.631376125
PRNCR1,-0.631416699
SLC30A7,-0.631835733
MRPL2,-0.632046073
TSR2,-0.632132262
IMP4,-0.633260098
IRS2,-0.633477628
B4GALT3,-0.634066566
NEDD8,-0.635439725
COL9A2,-0.635711066
KPNA3,-0.6361886
POLR3D,-0.636389321
KIF9-AS1,-0.637069863
LAMB2,-0.637949968
IGFBP7,-0.639413058
SYNGAP1,-0.639974556
ZRANB3,-0.640564259
NTPCR,-0.640570955
EDRF1,-0.640586042
SF3B1,-0.640698188
TMEM42,-0.641443961
KLHL7,-0.641921339
SEL1L,-0.64252126
YWHAZP10,-0.645072317
CLIP1,-0.645881591
CACNA2D4,-0.647139047
SVBP,-0.648602571
PRMT3,-0.649478386
SUMO2P21,-0.649542225
HERPUD1,-0.649819442
XPO6,-0.650866849
RBBP9,-0.651890598
GRAMD2B,-0.652126764
HLCS,-0.652134967
LAMTOR3,-0.652317453
ALOX12-AS1,-0.652570258
MIGA2,-0.652635222
PFAS,-0.652970882
ZNF518A,-0.653073223
NUP155,-0.653165047
NETO2,-0.653244602
ARFGAP2,-0.654154036
LIMCH1,-0.655012942
KNSTRN,-0.656091343
CCNK,-0.656227014
C9orf64,-0.657978613
MN1,-0.658115141
CHST14,-0.658204515
INIP,-0.658477426
NBPF12,-0.65867499
NEK9,-0.659048067
PMS2P10,-0.659410747
PTBP3,-0.659585484
DNAJC16,-0.660631927
EPN1,-0.660858444
PDZD11,-0.661010293
GTF3C5,-0.661235555
MRPS12,-0.661385796
NUTF2,-0.6623104
TRMO,-0.662389559
ZNF517,-0.66247634
PARK7,-0.665028797
DGAT2,-0.665537945
CC2D1B,-0.66557948
CDC5L,-0.66608464
ZFYVE27,-0.666967423
HS3ST3A1,-0.667396369
HARS2,-0.667879388
MRPL28,-0.668148349
MDC1,-0.66862567
LSP1P4,-0.668916387
PDPN,-0.668955561
ZNF622,-0.669246003
ZNF644,-0.670695146
HEXD,-0.67079275
ERMAP,-0.671949078
ANGEL2,-0.67202181
FOXRED1,-0.672295828
ARL17B,-0.672496275
SLC25A32,-0.673134791
APBB1IP,-0.67328582
GMPPA,-0.673642082
EPHA1,-0.674258928
MTND5P11,-0.674729908
ELP6,-0.675131671
SLAIN1,-0.67544707
ZBTB18,-0.675567326
LRRC61,-0.677205857
KAT7,-0.677828
HDAC4,-0.678485105
USP22,-0.678612038
ARMC10P1,-0.678922138
RBM19,-0.679845311
XRCC1,-0.68066063
PDXDC1,-0.681745877
MTG1,-0.681789727
HLA-DPB1,-0.682041737
MED22,-0.682239215
PDE3B,-0.682355057
AFTPH-DT,-0.683671903
ZBTB11-AS1,-0.684193422
CYP2R1,-0.684370057
ZFAND6,-0.686269153
BLM,-0.687360841
TMEM168,-0.689640729
NBPF15,-0.690539522
MMADHC,-0.690895846
EME2,-0.691476594
RASA4CP,-0.691578037
H3P16,-0.692699299
VTA1,-0.692702302
FAM13A-AS1,-0.692904866
PARGP1,-0.693273883
HENMT1,-0.693475847
ZNF658B,-0.69367511
PLCD3,-0.694278313
VDR,-0.694444626
ENTPD5,-0.694520832
LRIG1,-0.694795495
OGFOD3,-0.695641677
LARP7,-0.696074992
DALRD3,-0.69619543
ZCCHC7,-0.697084497
NPTN-IT1,-0.698412615
AMDHD2,-0.698853116
RPL26P30,-0.699621207
NOMO1,-0.699745733
PGM3,-0.699785102
ZNF546,-0.700088397
SRP19,-0.700772613
INTS4P2,-0.700999288
OPA1,-0.701054804
MPC1,-0.701222097
XPO7,-0.701696652
SERINC3,-0.701796725
PFDN1,-0.701874138
ZNF341,-0.701991821
NFAT5,-0.70253814
LSM1,-0.704431983
UBE2D2,-0.705273691
ADIRF-AS1,-0.7056566
CNBP,-0.705771726
AGO3,-0.706506611
THUMPD2,-0.707352966
C11orf71,-0.707642677
MRPS18B,-0.707733772
ZRSR2,-0.708065196
ZFP30,-0.710311792
EID3,-0.712997662
SAT2,-0.713672757
C6orf47,-0.715019147
AMPD2,-0.715268817
TEX2,-0.715441166
CABYR,-0.71559605
MTRF1,-0.715773571
ACAP3,-0.715777296
TTF2,-0.716295272
STX17,-0.716646228
LINC02887,-0.717266704
ARRDC1-AS1,-0.717451079
GET4,-0.719931484
TONSL,-0.720270716
PDLIM7,-0.72134399
LSS,-0.722788417
THEM4,-0.723540141
FAM120AOS,-0.723874865
BRD3,-0.724370624
ZNF639,-0.724531678
KDM4A,-0.7246128
MBD4,-0.724891926
TSPAN31,-0.725591171
ZNF554,-0.72559318
SLC44A2,-0.726730929
TOMM22,-0.72699126
ZNF605,-0.727158734
PHF20L1,-0.72776395
TASOR,-0.728877193
ME1,-0.729020664
CDK10,-0.730541154
HMGB1P24,-0.73069507
MFF,-0.731550159
ZSCAN16-AS1,-0.731910664
B4GALT7,-0.731998111
SH3BGRL2,-0.733009211
FTH1P15,-0.733360573
ZNF766,-0.733437724
RAE1,-0.733468508
SMIM12,-0.733826695
ZBTB46,-0.734207744
EXOSC2,-0.734243019
TPTEP1,-0.735076428
FDPS,-0.735353653
PGBD4,-0.735906618
HERC3,-0.735952269
FAM225B,-0.736633922
TUSC1,-0.736770817
ZSCAN25,-0.737894566
SH2B2,-0.738464549
DYNLRB1,-0.738657116
CYTH3,-0.739428532
BACE1,-0.740560746
SETD7,-0.740575844
RNF138,-0.740821973
HNRNPR,-0.741257294
CCNL1,-0.742681246
PRPF18,-0.742809599
SH3RF3,-0.743342308
GTF2H3,-0.745344144
GRAMD1B,-0.745436326
EVI2A,-0.747129606
ANAPC10,-0.747942711
LMBRD1,-0.748077521
MINDY3,-0.74867106
RFC5,-0.748793565
ELF1,-0.748799496
SAP30L,-0.749771662
SLC35A1,-0.749779114
PXMP4,-0.749807927
SOCS7,-0.750818268
SLC25A34,-0.752395291
WDHD1,-0.752611285
HMG20A,-0.752739301
CDCA4,-0.753264558
C1DP1,-0.75366474
MKS1,-0.754756012
NDOR1,-0.755383307
NCKAP1,-0.7557051
PPP6R3,-0.756536331
FBXW8,-0.756744654
SSBP3,-0.757491398
ALDH1B1,-0.757562666
CTBP1,-0.758099327
YAF2,-0.758656159
AQR,-0.759198402
ZNF181,-0.760605375
EEF1AKMT2,-0.761160912
SPDL1,-0.761943619
ABHD14B,-0.762112542
GPR108,-0.762228716
SRSF6,-0.762274534
PCDHGB7,-0.762427741
TUBE1,-0.762643452
MFNG,-0.762666117
TMEM30BP1,-0.763115582
QDPR,-0.763169143
GRAP,-0.763234497
PIK3AP1,-0.763675485
NHLRC2,-0.764096473
TAB1,-0.76476815
GIT1,-0.765439105
ACAA1,-0.765593441
ZNF414,-0.765714486
RPP14,-0.765969584
SNHG11,-0.767337108
THOC2,-0.767469427
TUT4,-0.768045139
FZD6,-0.768820115
LYRM1,-0.771320567
HEATR6,-0.772498607
PIEZO1,-0.772912813
MAP3K6,-0.774960879
TIGAR,-0.77516645
RPL24P4,-0.775173839
MIRLET7BHG,-0.775697913
TDRD3,-0.777131667
RALGAPB,-0.778578915
SIAE,-0.778733241
TNRC18P1,-0.779018939
SURF1,-0.779620693
NUDT21,-0.780226881
PRKAR1A,-0.780541352
GNPAT,-0.781095757
CMTR1,-0.781149545
SOCS5,-0.78240747
RAB4B,-0.782634936
AGFG2,-0.783073205
RP2,-0.783096451
RANBP1P1,-0.783524854
ZNF320,-0.783555311
NAF1,-0.783716691
DNAJC19P5,-0.784185258
CES2,-0.784483913
MARCHF8,-0.784543254
TBC1D22B,-0.784964399
RPS17,-0.785116972
WDR19,-0.786948004
TADA3,-0.787105036
ZC3H12A-DT,-0.787576784
MITD1,-0.787586898
SLC38A10,-0.787871387
ASF1A,-0.788192722
HTATSF1P2,-0.78821068
ABHD6,-0.788832013
ASCC3,-0.789036105
MRPL30,-0.789943475
HMGXB3,-0.790116743
HELQ,-0.792500823
NUMB,-0.792604331
C12orf57,-0.79489483
MPST,-0.794930504
TTC28,-0.795890909
KLHL15,-0.796423115
ZNF304,-0.796566475
ARFIP2,-0.797989663
ZNF440,-0.798332997
GUSBP14,-0.799267061
COPS7B,-0.799511723
SAAL1,-0.800948285
PRR13,-0.801115612
PCCB,-0.80117394
SLC25A22,-0.80143251
TRIM65,-0.802416255
WDR70,-0.80387794
MAK16,-0.804090571
SIGIRR,-0.804164228
TAFA2,-0.805152433
LONRF1,-0.805185023
MIER2,-0.805457163
TARS2,-0.805615664
TMED7,-0.805954478
C18orf25,-0.807761156
VPS52,-0.808083203
ANXA2P1,-0.811168817
CEP76,-0.811285834
NXT1,-0.811416816
TLK2,-0.811691202
TASP1,-0.811869724
TNFRSF10B,-0.811906894
ALKBH4,-0.811907195
MRPS31,-0.812393714
PFN1P1,-0.812515259
VTI1B,-0.812554681
SRRT,-0.812876171
CCDC86,-0.813159618
IDH3G,-0.813338254
SUMO1P4,-0.814526654
RNPEPL1,-0.815578464
CD300C,-0.815902725
ZNF200,-0.816335217
CD63-AS1,-0.816979267
PIK3C2A,-0.817017094
ATP6V1C1,-0.817127146
MLLT1,-0.817711121
CYP51A1,-0.817798203
DLG4,-0.818670602
POMGNT1,-0.818796828
TRMT6,-0.818913149
CUTA,-0.819344278
BAG3,-0.819414638
RMND5B,-0.819586911
ZSWIM7,-0.82003621
SENP8,-0.820085634
PLOD3,-0.820113341
APRT,-0.820903151
MIATNB,-0.82102379
TULP4,-0.821104588
PIP5K1B,-0.82188889
COQ7,-0.824540833
CTSO,-0.82470945
ZNF236,-0.824979342
ZNF107,-0.825128979
ZBTB40,-0.825741394
PGDP1,-0.826125569
UBE2G1,-0.826320843
RNF146,-0.826434716
NDUFAF6,-0.827143327
TMEM164,-0.827839336
THAP1,-0.827902596
FRAT1,-0.82879132
PDS5A,-0.82973738
MAEA,-0.829881415
ZNF45,-0.830549862
CPSF6,-0.831098041
FBXO48,-0.83201596
STK32C,-0.832022164
FIP1L1,-0.832069699
PAPLN,-0.832082663
UHRF1BP1L,-0.833101224
IER2,-0.834165147
XAF1,-0.834204061
CCT8,-0.834342947
TNFAIP8L1,-0.834454123
TP53I11,-0.834631366
PCMT1,-0.83498953
TTC27,-0.835614307
CANT1,-0.837415132
CHCHD1,-0.837708335
RFT1,-0.838056573
PEX7,-0.838710725
WNT5B,-0.838807324
SGSM2,-0.83938647
FBXL19-AS1,-0.839721134
FPGS,-0.840291215
SLC25A28,-0.84044782
PTCD3,-0.840636936
ABI1,-0.842330526
PIP4P1,-0.842991792
PTK2,-0.843108839
BCL6,-0.843313644
QRICH1,-0.843779174
FTLP2,-0.843910561
TMEM237,-0.844230213
KBTBD6,-0.844919904
POMGNT2,-0.845748239
PIGL,-0.847884077
LRBA,-0.848468545
MGAT2,-0.848767192
CSNK2B,-0.849118928
PHF7,-0.849948468
DERL2,-0.850107029
CCNQ,-0.85050739
NOPCHAP1,-0.850742931
SSBP3P1,-0.852160447
FAM149B1,-0.852416305
MT1F,-0.852541999
HACE1,-0.85286518
GTF2H1,-0.853780095
BPGM,-0.854393522
STRBP,-0.854490301
EPS8,-0.854563842
COMMD1,-0.854880789
SELENOK,-0.855515234
ZNF275,-0.855950951
PMS2P7,-0.856063971
POLR2K,-0.856410974
TOM1L2,-0.859395887
OCLN,-0.860090981
TYW3,-0.860336256
CWC22,-0.860551917
NUDCD1,-0.860782063
APAF1,-0.860922324
FADD,-0.861527343
TPRG1L,-0.862302523
TRAPPC1,-0.862915598
PXN-AS1,-0.863478029
ARID2,-0.86377942
PSMG3,-0.864445986
ZNF484,-0.864847544
ACYP2,-0.866303223
OLR1,-0.866949551
DYNC1LI2,-0.867174352
HSD17B11,-0.868025862
MMUT,-0.868127461
LHFPL6,-0.868223127
ANKRD36,-0.870241436
PROSER1,-0.870453963
ZFP90,-0.870530203
YTHDF2,-0.871714969
PRR34-AS1,-0.872103932
ITM2B,-0.872470781
RAD54L2,-0.87318424
GTF2IRD1,-0.874071039
MIR3142HG,-0.875040209
RREB1,-0.8751756
H3-5,-0.875247119
VAMP8,-0.875863099
TRNT1,-0.876829003
NOP14,-0.876957507
MYO1D,-0.878232201
NCOA5,-0.878729283
RNF34,-0.879909993
TBC1D1,-0.881018224
MFSD5,-0.881065809
TRAPPC6B,-0.881084402
MICAL3,-0.88114124
NSRP1P1,-0.88116645
PPP3R1,-0.881280892
ACOT13,-0.882012722
SIMC1,-0.882577078
SLC17A5,-0.882968584
SEC16A,-0.883476704
DHX15,-0.883630109
CBFB,-0.883982318
BRD7P2,-0.884114725
PTPRE,-0.884446143
TRIM23,-0.884701882
EMP3,-0.885169803
TRMT2B,-0.88540353
TMEM251,-0.886965245
SRSF1,-0.88713584
WRN,-0.887426044
CENPU,-0.887510017
SPCS2P4,-0.888810316
ZNF548,-0.889101085
DZIP3,-0.889402587
GATAD1,-0.889776179
NBPF3,-0.889977981
PKNOX1,-0.890735243
NLRX1,-0.890955605
TICAM2,-0.89271703
RAB43P1,-0.892837135
USP47,-0.892845489
RHBDD1,-0.893508305
PEAK1,-0.893998265
RNF185,-0.894287085
CDC42BPB,-0.894824254
KRT18P31,-0.894887778
ARMC7,-0.895113643
NRSN2,-0.895659221
NDUFA6,-0.895775387
PI4KAP1,-0.896377673
ABHD13,-0.896447963
ESF1,-0.896612315
DNTTIP2,-0.897074339
CREBL2,-0.897109287
COA1,-0.898765619
LINC00921,-0.898787141
CSTF3,-0.898971987
COPS6,-0.899738315
UQCRFS1,-0.900867375
TICAM1,-0.901605556
TCF25,-0.901615559
PPM1D,-0.902637453
AKIRIN2,-0.902717806
NUP85,-0.903110554
PRR14L,-0.904069926
RBCK1,-0.904456944
DDX28,-0.904588595
RPH3AL,-0.904799856
C12orf73,-0.904807779
NECAP1,-0.906792559
MOB1A,-0.907206308
TOP2A,-0.907763751
LFNG,-0.907933164
ITM2C,-0.907988057
DDX39B,-0.908086641
BZW2,-0.908668499
AP4M1,-0.908763735
RPL26L1,-0.908858513
UBXN8,-0.909041581
LYPLA1P3,-0.909733655
CENPQ,-0.91030997
SNX27,-0.910491131
VNN2,-0.911008853
COA6,-0.911543198
MINPP1,-0.912219269
MLYCD,-0.91325459
UQCRFS1P1,-0.914455701
ARMC8,-0.914905672
ZBED5-AS1,-0.916179021
GIN1,-0.916317499
GON4L,-0.916458508
INTS1,-0.91844008
AVIL,-0.91854637
MRPL43,-0.918794776
PLCG1,-0.919000709
MFSD13A,-0.919135896
MYSM1,-0.919273465
PPP2R1B,-0.919881235
CNP,-0.920719722
AP2B1,-0.920980275
RAB3GAP1,-0.921018566
JAK2,-0.921135143
ARHGAP11A,-0.921450369
SPATA13,-0.922169386
COX15,-0.923295695
TLN1,-0.923554133
CENPW,-0.923954529
LDB1,-0.924172175
CSNK1E,-0.924193073
PLCD1,-0.926721091
SLC31A2,-0.927157703
TRIQK,-0.927311803
TEPSIN,-0.927827872
TMEM209,-0.927900706
IPO11,-0.927928661
TUBA4A,-0.92822027
ARMCX5,-0.928477681
MECR,-0.928929298
HAUS8,-0.929687765
PNO1,-0.929779282
PHKA2,-0.93052578
PSMB5,-0.930552973
ST3GAL6,-0.933213578
CDC23,-0.934259074
ZNF487,-0.934317494
XRCC3,-0.934663793
TMEM161B,-0.935940544
TSC1,-0.936183457
BLOC1S1,-0.936713479
NAPB,-0.937495637
PRKAB1,-0.937798601
CYTOR,-0.937925192
RRP36,-0.938626383
FBXO25,-0.940934918
CNEP1R1,-0.941424738
SF3A3,-0.941877071
ASB16-AS1,-0.942123029
TOR3A,-0.942264469
ZNF169,-0.942850278
GLUL,-0.942875781
NUP153,-0.943239218
MED18,-0.943908488
CDC37,-0.944012494
OAS1,-0.944286673
HSP90B2P,-0.944927422
CNOT9,-0.944929262
NEMF,-0.945705834
AKT2,-0.945857678
MMP25-AS1,-0.947100734
CYB5R4,-0.947222788
ATP6V0E1,-0.947254575
KLHL42,-0.947265396
BIN1,-0.947480995
DSTNP2,-0.947830704
COPA,-0.947894462
COMMD2,-0.948253222
ZNF408,-0.951669933
NDUFC2,-0.952846682
TUBGCP5,-0.953262875
ZNF280C,-0.953637376
RBM26-AS1,-0.953774831
FAM168A,-0.954979965
KLHL2P1,-0.955592317
RBMS1P1,-0.956330563
ADAP1,-0.95636877
DDX50P1,-0.956779909
NUFIP1,-0.959297962
MACROH2A1,-0.96016831
PPIE,-0.960321452
SNRPB,-0.960399322
TBKBP1,-0.960873664
SEC63,-0.961340626
KMT5A,-0.961377599
GHITM,-0.961706048
ANKHD1,-0.962087197
RAB24,-0.962351367
PSMB6,-0.962483835
IREB2,-0.964028603
ZFHX2,-0.964121676
MYH3,-0.964923081
GGT7,-0.965511248
NUP37,-0.965624686
ZNF594,-0.965784285
ACTL6A,-0.966229843
ATP6V1E1,-0.966348201
ZEB2-AS1,-0.966873223
CAPN15,-0.969867396
FAS,-0.970100637
ERCC5,-0.970544866
CDK5,-0.971732553
HDHD3,-0.971983641
MTLN,-0.971998011
ATP5F1A,-0.97201814
SRP14-DT,-0.972425721
AIMP1,-0.972473747
PAFAH1B1,-0.973189775
CCDC142,-0.973356971
ZNF44,-0.973895883
DLST,-0.974073012
DDX59,-0.974231996
RAP1B,-0.974876383
HADHB,-0.97522266
XPO4,-0.976563337
INTS4P1,-0.976642137
SEC31A,-0.977030688
GTF2IP12,-0.977037907
DMAC1,-0.977679044
MATR3,-0.978130104
KIAA1586,-0.978188028
PIGQ,-0.978547956
ORC5,-0.978990765
HAUS1,-0.979135966
POMP,-0.979565409
ICA1,-0.980157402
EXOC1,-0.980701062
GNG7,-0.981552488
INPP1,-0.981795881
BPNT1,-0.981796959
TYROBP,-0.981845458
POLD1,-0.981993271
GOSR1,-0.982265092
CROCCP2,-0.983683514
SHPRH,-0.984368974
LINC02328,-0.984972959
SETD1B,-0.985042868
SPOP,-0.98596263
FCF1,-0.986562769
SCAF11,-0.986657941
CTTNBP2NL,-0.986739446
VKORC1L1,-0.987487014
SDCBP2-AS1,-0.988119934
YKT6,-0.988164066
GALNT7,-0.98849655
WDR35,-0.98917967
TNKS2,-0.989329278
STING1,-0.989805487
TSHZ1,-0.99010939
ANKRD52,-0.990374166
KCTD1,-0.991608889
DLEU7,-0.992063234
CCDC149,-0.993032905
LPAR1,-0.994342209
MCUB,-0.994813312
IFT20,-0.995939154
PBX3,-0.99597824
AP3M1,-0.997665323
PIGB,-0.997699896
SRPRA,-0.999222076
LINC01127,-1.000632751
RETSAT,-1.000837514
LANCL1,-1.001589174
N4BP2L2-IT2,-1.001666023
EHMT1,-1.00253711
SNRPF,-1.004086308
BAZ2B,-1.004434365
KLHL8,-1.005003948
C19orf44,-1.005343343
ZNF816,-1.0062646
APEX1,-1.006505316
GK3P,-1.007232982
VASH1-AS1,-1.007318539
FBXO22,-1.007386456
TCTA,-1.00777118
SURF4,-1.007832455
PYROXD2,-1.009375526
DDX12P,-1.009687086
KRT8P12,-1.010001596
REST,-1.010337665
ZNF613,-1.010644989
INPP5K,-1.011340941
NNT,-1.011587328
SNX14,-1.012398512
ZNF593,-1.012415878
GMPPB,-1.012546107
KLHDC4,-1.013238761
TCF7,-1.013969466
PSMG1,-1.015220882
ATP5F1C,-1.015659501
NUP43,-1.015674225
TRIM35,-1.01571257
MFSD9,-1.016106629
NUCB2,-1.017637917
HLA-DQB2,-1.017868337
TSSC4,-1.017954726
PDK2,-1.018831079
PTPDC1,-1.019890856
CDK5RAP3,-1.02028441
ATG16L1,-1.020865942
SLC35A5,-1.020872157
DPM2,-1.02095129
TMCO4,-1.021381931
PDLIM1P4,-1.02154304
CCDC57,-1.0223712
PINX1,-1.023745909
ADCK5,-1.024062132
FAM110A,-1.024575669
FOXK2,-1.024665685
COA4,-1.024668352
SF3B4,-1.024715054
ALOX5,-1.025535015
CD164,-1.026065221
B3GAT3,-1.027325088
MPZL3,-1.028064232
EHBP1L1,-1.028418978
TRAF3IP1,-1.028458408
INTS5,-1.029539655
FARP1,-1.029584581
VPS13B,-1.029631292
TP53I13,-1.030497012
LGALS9,-1.030798365
GIGYF2,-1.031121597
ADSL,-1.031380137
TRIM59,-1.031955261
HMGB1P5,-1.032315128
DCTD,-1.033308932
SNX6,-1.033662474
SERTAD3,-1.0340254
TIAM1,-1.034606647
TIMM44,-1.034615375
ZNF672,-1.034828791
CST7,-1.034925956
FKBP1C,-1.03501682
GTPBP4,-1.03586024
GMIP,-1.036055088
PYROXD1,-1.036474648
LPP,-1.036910505
LINC01881,-1.037102277
DSTYK,-1.037394173
TEX264,-1.037406674
TRAF4,-1.037529566
RMC1,-1.037729742
SNAPIN,-1.037831679
RECQL5,-1.038934647
UBE4A,-1.039203767
NPIPB2,-1.039646048
C10orf88,-1.040277589
TAF9,-1.040689241
SACM1L,-1.04104416
TRAPPC3,-1.041121959
SZT2,-1.041195576
OTUD6B-AS1,-1.04161215
ABCD4,-1.042893881
C2orf74-DT,-1.045727269
RIPOR2,-1.046208703
ATAD2B,-1.046496144
ATXN10,-1.046633082
ETFRF1,-1.047178652
SPRYD3,-1.048509127
MED27,-1.04991279
LINC00467,-1.04997403
MRPL35,-1.050022525
FAM151B,-1.050777096
FANCD2,-1.052267995
PDCD6,-1.054135113
EARS2,-1.05444674
TBCD,-1.055719528
HDDC2,-1.056784738
UNC50,-1.056936365
NME7,-1.057543335
XPA,-1.057751634
RHEBP2,-1.059104607
ZNF721,-1.059313104
BICD1,-1.059731054
APIP,-1.060042149
JOSD2,-1.060602109
ECHDC3,-1.060713325
SP140,-1.061158315
FLYWCH1,-1.061310773
ARHGEF17,-1.061806329
XRCC4,-1.062214632
ARRDC3-AS1,-1.062664784
PCGF3-AS1,-1.062761935
NINJ2-AS1,-1.062954182
TRRAP,-1.063059744
SOAT1,-1.063617746
TSC22D4,-1.064350997
DAZAP1,-1.06436141
SLC38A1,-1.064438241
RBM3,-1.064547842
GLO1,-1.06522952
NOM1,-1.065466002
ZSCAN32,-1.066382204
ZNF674,-1.066480773
WDR20,-1.066523699
PVR,-1.067651695
KIAA1614-AS1,-1.067971449
CDK11A,-1.068421763
HNRNPAB,-1.068908476
NMT1,-1.06919411
CHD1,-1.069415833
BCAS3,-1.069994864
ALKBH3,-1.070168109
DUS4L-BCAP29,-1.070369461
PYGL,-1.071352046
RAD23A,-1.071680714
ZMYM5,-1.072409917
NUP42,-1.072696458
ENTPD6,-1.072971906
ASAP2,-1.073852637
TTC23,-1.074460392
NDUFS2,-1.074894592
TFAP2C,-1.075456544
SLC7A6OS,-1.07720515
RPS19BP1,-1.077552406
CXorf38,-1.077828578
DCAF15,-1.078513836
FASTKD5,-1.078656194
METTL2B,-1.078858344
RYR1,-1.079392828
YRDC,-1.079951581
BCAR3,-1.080044276
STX18,-1.081190195
MPHOSPH10,-1.081330669
HCFC1,-1.081706309
LINC00205,-1.082010687
MRPS9,-1.082035217
CCT7,-1.082351877
GPN3,-1.08297721
KIDINS220,-1.084145557
ABHD18,-1.08486422
HS3ST3B1,-1.087041826
CKAP4,-1.087125102
MAP2K3,-1.08713868
WASH4P,-1.087423567
NDUFA11,-1.087667991
IFI27L2,-1.089126544
MMAA,-1.091376787
LRIG2,-1.091403324
KLF12,-1.09167533
ZC3H14,-1.092118005
ARHGEF18,-1.092745133
NUP160,-1.093160012
ADD1,-1.09334147
PGS1,-1.093889703
CBS,-1.094072219
LLGL1,-1.096864034
SPR,-1.097450377
BRI3,-1.097641897
RBBP4,-1.098135528
ZBED5,-1.098699407
FAM199X,-1.100060196
AP1S3,-1.101398638
GTPBP6,-1.102033319
SLC25A23,-1.102534817
NEB,-1.102666937
SHQ1,-1.102772103
NUTM2E,-1.103021205
BCAP31,-1.104007506
TBC1D31,-1.104317843
ZMYND19,-1.104610117
MEN1,-1.104720887
LINC01089,-1.106392099
ORMDL1,-1.106525967
CSF3R,-1.106585825
GRWD1,-1.106973315
OSGIN2,-1.107148709
KATNA1,-1.107189576
ZNF234,-1.1073475
PKN1,-1.108100509
WIPI1,-1.112231225
PUS1,-1.114672422
HTATSF1,-1.11556885
SLC30A5,-1.115838703
USP30,-1.117990565
WARS2,-1.117992266
DOCK10,-1.118072976
MICA,-1.118645587
ZFAND4,-1.119332467
PACRGL,-1.119670519
EMILIN1,-1.120316931
ARID1A,-1.121898827
LCORL,-1.122089887
SLC33A1,-1.123041109
TAF1B,-1.123042913
CGAS,-1.123854644
VPS26B,-1.124915235
RALBP1,-1.124924085
ABT1,-1.126146889
RAPH1,-1.127329196
CD80,-1.127712548
LINC02977,-1.127903709
SYS1,-1.129032518
BACH1-IT2,-1.129846774
NCBP1,-1.130033392
RASAL2,-1.130262464
APOBEC3C,-1.130601742
ORMDL2,-1.130882471
MIIP,-1.131047915
HAAO,-1.132815062
ARL5A,-1.133246035
ZNF879,-1.134794121
NFYC,-1.135006419
CWF19L1,-1.137404969
TMC6,-1.138309769
MEMO1,-1.138516253
ZNF528,-1.13893356
KCTD17,-1.139013413
GLMN,-1.139189116
PPWD1,-1.139937071
LSM10,-1.1403751
SCYL3,-1.140448168
PRKCE,-1.140651655
EVC,-1.141334561
GORASP2,-1.141858863
RN7SL328P,-1.142512824
SYNCRIP,-1.143739816
CRTAP,-1.144155096
IL1B,-1.145293991
TRMT12,-1.147769087
PTCD2,-1.148487475
WASHC1,-1.148855714
MKKS,-1.149423916
B4GALT1,-1.149480914
PDPR2P,-1.152155106
BMF,-1.152221984
UBTD2,-1.153002449
SLC25A46,-1.153421345
PAFAH2,-1.15397893
DENND10,-1.154532546
RBSN,-1.154885067
CCT2,-1.155183407
DHX9,-1.156671043
DDX52,-1.157313144
DGCR8,-1.158308774
SDF2,-1.158440598
CLSPN,-1.159101081
SLC1A4,-1.159178662
GBP3,-1.162605732
KLHL9,-1.163184831
SRRM2-AS1,-1.163487585
RNF19B,-1.163548412
KNL1,-1.164470091
HOOK3,-1.164705592
L3MBTL3,-1.164964167
COPE,-1.165353522
ABHD10,-1.166706892
AP4B1,-1.166740734
GABPB1-AS1,-1.167200012
ZNF821,-1.167309149
SENP5,-1.168473323
ZNF585A,-1.168831065
ORAI2,-1.169507972
MED23,-1.169976005
ISY1,-1.170295196
RECK,-1.170473563
EXOSC10,-1.17158662
ZNF579,-1.172953523
SPAST,-1.173036254
TSEN2,-1.17382948
SRPK2,-1.173985087
CSTF2T,-1.174022649
SRSF6P2,-1.174137598
SCO1,-1.174350332
EIF5AP4,-1.175007548
DCBLD2,-1.175569587
RASA4DP,-1.175855543
UROS,-1.177521323
GSR,-1.179136835
LINC01002,-1.179870386
GNL2,-1.181340335
TOR1A,-1.183072095
EIF2B2,-1.183664503
HNRNPA3P5,-1.183865651
ANXA2R-OT1,-1.185084027
NF1,-1.185090828
XNDC1N,-1.185421681
RMDN2,-1.186483789
RTL10,-1.188200269
HERC6,-1.188312059
USP19,-1.188803424
YTHDF3,-1.188830316
METTL25B,-1.189056992
TP53INP2,-1.189967302
COX8A,-1.191086229
FANCC,-1.191379841
SNRPA,-1.191709095
CASP8,-1.191784536
PCBD2,-1.192588122
WDR4,-1.19297061
NR1H2,-1.193673789
SUCLG2,-1.195250132
DPH2,-1.196024615
TALDO1,-1.196274526
NIPSNAP2,-1.197336562
AP2A1,-1.197413989
CCDC91,-1.197956253
PTPN11,-1.199435217
ZGRF1,-1.200799541
HMGB1P6,-1.201091827
KDM7A-DT,-1.201764547
NDUFA4,-1.202351126
NFKBIB,-1.20325222
LGALS3BP,-1.203579469
ZNF93,-1.203583341
PI4KB,-1.203731462
CAPN10,-1.204847778
POP4,-1.205955497
HS2ST1,-1.206562691
H2AC14,-1.206647916
TRIP12,-1.206721934
NOD2,-1.207638136
CRELD1,-1.207685906
CCDC88A,-1.20782983
PLEKHF2,-1.208102499
DHRS1,-1.209693786
ACADSB,-1.209802662
ZNF417,-1.209821732
MXRA7,-1.210318046
COMMD3,-1.211937775
MUL1,-1.21272461
COX6B1,-1.212806879
GMDS-DT,-1.215804933
NSUN5P2,-1.21604144
TIRAP,-1.216262859
SNRPA1P1,-1.217112987
ZNF549,-1.217553992
IWS1,-1.219039248
SFMBT2,-1.219176627
RAD51B,-1.219367016
TIPRL,-1.219553052
CFAP97,-1.220461744
TMEM216,-1.220670839
TMEM80,-1.221447115
PPP3CB-AS1,-1.223143209
KATNBL1,-1.22444905
MAPK9,-1.225036063
ITPKC,-1.225051173
MRPS5,-1.225317237
SNX13,-1.225631894
INTS7,-1.226194044
ZNF155,-1.226593414
ZNF555,-1.226670829
SH3RF1,-1.227430419
NIP7,-1.228769491
ARNTL2,-1.229151461
TMEM205,-1.229699076
SPCS2,-1.230272541
PGAM5,-1.230404393
TIMM50,-1.231283528
ETF1,-1.231365344
SANBR,-1.232387832
FAM131B-AS2,-1.23265736
RFC2,-1.232853047
DTX2,-1.23287553
ZNF227,-1.233029971
BORCS6,-1.233173431
SMC6,-1.23498066
KIAA0895L,-1.235253259
HLA-DOA,-1.235286505
USP14,-1.236040005
FAN1,-1.237356286
JDP2-AS1,-1.237729905
ZNF780B,-1.238371932
MIR23AHG,-1.238720189
PPP1R12B,-1.238767933
NDUFAF3,-1.239464798
MAP2K5,-1.241256199
CLIC4,-1.241977725
HSP90AA1,-1.242583806
ACTR6,-1.242732921
OMA1,-1.242844949
DOCK5,-1.243787834
OXCT1,-1.244511179
CCDC18-AS1,-1.245154792
ZNF354B,-1.246317154
LRRC28,-1.246424775
MICU1,-1.246599849
TRUB1,-1.246712001
UTP4,-1.247101193
KDM7A,-1.247439122
IGFLR1,-1.247607214
CHEK1,-1.247688712
KBTBD7,-1.249636236
DLEU2,-1.25012475
SLC9A1,-1.250789954
ZNF561-AS1,-1.250844101
AHCTF1,-1.251343376
G3BP1,-1.253666071
POLR2MP1,-1.254308276
DYNC1I2,-1.254859056
ZNF557,-1.259534098
EFHD2,-1.259629182
KMT5AP1,-1.261985382
TMEM129,-1.263214299
GSE1,-1.263718058
CSF1,-1.264558809
LYL1,-1.265926707
PDSS2,-1.266458321
ZNF609,-1.266742608
BORCS8,-1.266767968
ATP5PF,-1.268065005
NAPEPLD,-1.268540311
SNX1,-1.269383459
ZGPAT,-1.269495512
ZBED10P,-1.270596193
TAOK2,-1.27083669
FLVCR1,-1.270909251
ASF1B,-1.270915114
ZNF232,-1.272327331
DNAJC13,-1.272693181
NAA40,-1.274050569
MRPS28,-1.276395718
TMEM181,-1.276884142
ELP1,-1.277428111
MRPL18,-1.277445621
TMEM70,-1.277815237
NDUFB1,-1.27836163
PBDC1,-1.278959574
ZNF271P,-1.279491716
POLR2J2,-1.279632827
LRRC8A,-1.280220691
PRKD2,-1.281224914
CCDC191,-1.281364209
SIRT5,-1.281882449
TMEM126A,-1.282468237
TRERF1,-1.28308807
ZNF331,-1.283201987
TTLL4,-1.284062586
CCZ1B,-1.28494639
NRBF2P3,-1.285595021
MAGI2-AS3,-1.285666048
GK,-1.285711221
TAF1C,-1.285745564
KANK1,-1.286151406
ZNF669,-1.286848086
TTC12,-1.287846294
CD300E,-1.288682021
NUP205,-1.288959922
CEP164,-1.290405022
NSUN6,-1.290563939
RSBN1L,-1.290646419
CCDC126,-1.291097841
TXNDC9,-1.292313242
IMPACT,-1.292951066
PITRM1,-1.293454349
NDUFB9,-1.293867223
UBBP4,-1.294423394
AUP1,-1.294759212
POGK,-1.295411319
EMC10,-1.296776967
POLR1G,-1.296887648
SLCO3A1,-1.29883524
LAMTOR2,-1.298914193
SLC31A1,-1.299340309
BARD1,-1.299489662
PPP6R2,-1.29981892
TIGD1,-1.300019723
LINC00888,-1.300299187
SPIRE1,-1.300318908
OTUD6B,-1.300327056
ARL2,-1.300355284
CRAT,-1.300812327
FBXO33,-1.30083609
LINC00910,-1.301663106
SOCS4,-1.301789732
COX18,-1.303891333
ANAPC4,-1.304065976
NAPG,-1.304302903
CHMP6,-1.304899193
TINF2,-1.305357604
TTLL12,-1.306509972
CPSF4,-1.3072748
TOR2A,-1.309571749
SMIM14,-1.311605726
IQGAP1,-1.312690333
TCF12,-1.312861028
TSPAN17,-1.31345325
TARBP2,-1.313673181
ZFYVE28,-1.314767353
VPS25,-1.315874599
POLR1F,-1.3161372
R3HDM1,-1.31615626
DDX5,-1.316247253
COASY,-1.316249928
MAP3K7,-1.316271009
SERINC1,-1.316414704
GLYR1,-1.319171383
BAG6,-1.321289112
NBPF26,-1.321499022
FAM86B3P,-1.323615357
RBM42,-1.323852085
BMS1P7,-1.323857596
CDIPT,-1.324176189
RTF2,-1.324255442
CUTC,-1.326955518
DDX19B,-1.327021868
KIF23,-1.328980585
STPG1,-1.330515307
MRTFA,-1.330950693
RNF25,-1.331189646
ADAT1,-1.331285865
TMEM160,-1.331360635
DICER1,-1.331922633
HNRNPA3P6,-1.332012632
CMSS1,-1.332453031
PACS2,-1.332977529
SREK1IP1,-1.333641651
L2HGDH,-1.333946935
TAOK3,-1.334321656
PSEN1,-1.334447052
SLC37A3,-1.334994086
HOMER3,-1.335208574
UBE2SP2,-1.335234357
SAV1,-1.335481368
LINC01857,-1.335628298
PDE12,-1.336209769
CCNT2,-1.336717032
WDR41,-1.336957028
STAT6,-1.337441623
MEGF9,-1.337895826
ABCE1,-1.338024407
IDI1,-1.338476424
ZNF529,-1.339082395
TNFRSF18,-1.339381657
ECT2,-1.341071867
PDCD11,-1.342548276
SLC25A45,-1.342709046
WWP1,-1.342843792
BYSL,-1.342962025
ZNF74,-1.343296926
PLTP,-1.343866377
ASCC2,-1.344013774
DENND4C,-1.34455271
INTS2,-1.345020011
ZNF664,-1.34547035
SLC49A3,-1.346140662
VPS16,-1.346464014
SRR,-1.346817369
CSPP1,-1.348889665
NUDT16L1,-1.349191838
NBPF9,-1.350064353
GLT1D1,-1.350801176
TMEM132A,-1.351144908
CALM2P2,-1.351171146
TM9SF1,-1.351271545
APH1B,-1.35154662
GBF1,-1.351755913
DBI,-1.352714637
IGHMBP2,-1.354466186
DHFR2,-1.354669664
VPS26A,-1.354853867
FBXO10,-1.356638075
HS6ST1,-1.356801149
PPP1R11,-1.357439987
ADGRE3,-1.357509661
NIPA2,-1.357637544
ILK,-1.358598467
PIGU,-1.35941444
HSPA1B,-1.36026981
ING3,-1.360633491
PPP1R18,-1.360959347
PARP2,-1.362927737
NAGPA,-1.36461991
DENND6B,-1.365146798
NRXN2,-1.365556857
ZFP3,-1.365893171
RALB,-1.366444211
GABBR1,-1.367230093
RABAC1,-1.367740951
DIMT1,-1.368025789
ZNF174,-1.368386212
ZNF428,-1.370581669
DCTN2,-1.371680975
VAMP1,-1.37388426
PDXDC2P-NPIPB14P,-1.375162992
ZNF75A,-1.375183174
MON1B,-1.375646832
SEH1L,-1.376547598
DNM1,-1.377000854
STK3,-1.377475027
ZSCAN9,-1.377699844
ZNF512B,-1.378088466
DGUOK,-1.378112169
UNK,-1.378611813
USP40,-1.378801037
SCP2,-1.380134177
RFNG,-1.380497867
OGFOD1,-1.381163593
DGKZP1,-1.382180703
LAP3,-1.383239373
METTL2A,-1.385241749
PJA1,-1.385880866
FASTKD3,-1.386560651
ABRAXAS1,-1.38736839
RAP1GDS1,-1.388479206
PDIA6,-1.38924287
ZNF213-AS1,-1.389265873
PCNX2,-1.390574894
CTSK,-1.390782998
RAB27A,-1.390788386
KAT8,-1.390854436
PCYT2,-1.391562964
PNRC2,-1.392300694
TANGO2,-1.392750679
OSTC,-1.392948974
U2AF1,-1.3930322
ITGB2,-1.39405911
PYGB,-1.394070215
RAB11FIP4,-1.395871672
BAZ2B-AS1,-1.397460006
DYRK2,-1.397577104
EIF1B-AS1,-1.397919769
XRCC5,-1.400612059
RIC8B,-1.40130612
ST7,-1.402161725
ZNF587B,-1.402323024
ZCCHC14,-1.40420706
SEPHS1,-1.404627268
MRPS15,-1.405503514
TEX261,-1.405615077
BRCA1,-1.405976157
NOP9,-1.406994123
OCRL,-1.409211109
LINC02693,-1.409529644
CISD1,-1.409729311
SH2D3C,-1.409923459
RILPL2,-1.410704528
UBE2N,-1.410965605
NIFK,-1.411946239
SMUG1,-1.412339957
LYPLA2,-1.412342969
UBA7,-1.412890266
AAK1,-1.413115473
ZNF852,-1.414245887
APC,-1.415010348
EXOSC5,-1.416004275
RHEB,-1.416167898
FYCO1,-1.416248815
DDX27,-1.416268208
EML2,-1.417841379
NTMT1,-1.418010077
TRIM16,-1.418166616
ZNF34,-1.418544195
STX8,-1.41868868
GDE1,-1.418699319
AHCTF1P1,-1.418795609
BABAM1,-1.419508018
ASAH1,-1.419667905
DNAJC3,-1.422660503
LINC02980,-1.422810606
DNAAF2,-1.424893897
SAMM50,-1.426082851
NUDT14,-1.426519421
FAM131B,-1.426546356
LMO4,-1.427143786
RPP38,-1.427398646
C17orf80,-1.427808989
TRMT10B,-1.428885707
AAGAB,-1.429786161
PSME3IP1,-1.430207477
ROCK1,-1.430315953
FAM156A,-1.430354142
PIGM,-1.430708251
WDR43,-1.431281687
POMZP3,-1.431821518
SLC9A3R1,-1.432597851
SLC20A2,-1.433201203
C1orf74,-1.433513785
TRMT1,-1.433598941
CENPO,-1.434378877
DYRK3,-1.434685013
POC1B,-1.436491617
STAT2,-1.436788695
ZNF197,-1.437033722
BEX3,-1.437157652
TCTN3,-1.437199634
HSPBAP1,-1.437778657
MTX1,-1.438216539
TRIM32,-1.438529389
ZHX1,-1.438594869
PSMA3,-1.438647133
TRAPPC11,-1.438649996
C6orf136,-1.440678755
ZBTB8OS,-1.440704583
AAAS,-1.441993828
TMEM161B-DT,-1.442090503
DHRSX,-1.442490055
EXD3,-1.443363843
RTN3,-1.444315269
FAM133B,-1.444880733
ELAC2,-1.445236085
ZNF207,-1.44538541
MAPK13,-1.445821125
PAPOLA,-1.446033061
SLC35C1,-1.446112088
CCZ1,-1.446765932
DMAC2L,-1.447294801
METTL13,-1.449933139
BRPF1,-1.451304859
SCRIB,-1.452055852
COPZ1,-1.452423591
KCTD21,-1.452775422
HNRNPDL,-1.452928925
CTNNA1,-1.45341369
USP32P4,-1.454291054
ZNF280D,-1.4551891
HIRA,-1.456891469
IRF9,-1.457006009
PLPBP,-1.457316731
STOML1,-1.457550148
SERPING1,-1.457712645
HSPA8,-1.457920155
PPP4R1,-1.458374204
PAK2,-1.458703956
SMG5,-1.459683182
HDAC1,-1.45986837
ACOT7,-1.460073247
SLC27A3,-1.461186904
ELMO3,-1.462409157
TMEM141,-1.463749155
ZNF83,-1.463768593
LIPT1,-1.463787664
R3HCC1,-1.465031798
PLCL2,-1.465686721
CHKA,-1.467302231
ZFAND2B,-1.467836118
ZNF714,-1.467958563
FIBP,-1.468266573
RPL22L1,-1.468370751
CASP9,-1.470573085
ELAVL1,-1.470816344
PRELID3B,-1.471695308
MYCBP2,-1.471929269
NDUFA8,-1.472319779
AMY2B,-1.473132561
MRPL58,-1.47377664
SELENOM,-1.473797687
PILRA,-1.474324253
ZCCHC9,-1.474581164
TAP1,-1.476487251
MMS22L,-1.478849977
DDX10,-1.480496481
RASSF5,-1.480647103
EBP,-1.480676874
CHURC1,-1.480993726
GSTK1,-1.481004472
SAMD4A,-1.482411103
MRPS35,-1.482896553
SMIM19,-1.483895229
MON2,-1.483955558
DHCR7,-1.4849147
KIAA0040,-1.485450246
NID1,-1.485712545
DR1,-1.485967043
REPS1,-1.486301361
MFSD6,-1.487982979
U2AF1L4,-1.488069925
BNIP1,-1.488526981
EXTL2,-1.489807751
MAILR,-1.491747704
POLB,-1.492449065
REEP4,-1.493038705
PPP1R12A,-1.494118102
SWAP70,-1.49504817
ZNF7,-1.495474809
RNF123,-1.495500213
ZNF335,-1.495638783
KCTD20,-1.49606733
CMC2,-1.496100836
ZEB2,-1.497036687
SLC7A1,-1.497907624
FUT7,-1.498307353
EXOG,-1.49857772
EMC1,-1.498621458
BCCIP,-1.49863384
SMPDL3A,-1.498892057
ATF7IP2,-1.498896551
FBXO9,-1.500678372
IRF2BPL,-1.500746552
ZNF880,-1.501431004
DMWD,-1.501453751
FAM98A,-1.503379815
PSMB2,-1.504667681
WDFY1,-1.505411723
GPR89A,-1.505607733
FAM156B,-1.50601368
RAD51D,-1.506535902
RCHY1,-1.506638591
H2BC21,-1.507842948
KATNAL2,-1.50928456
FRG1BP,-1.509315744
TP53INP1,-1.509406174
L3MBTL1,-1.510179227
SFXN3,-1.51042343
VPS13C,-1.510435684
MVP,-1.510701803
UBE2E2,-1.512455601
PPP1CC,-1.512860349
PYCR2,-1.513767043
ICOSLG,-1.514027411
VTI1A,-1.515253909
SOWAHD,-1.515792454
DAGLB,-1.516189902
FAM72B,-1.517144983
C1D,-1.518833744
PALB2,-1.519077989
WDR73,-1.519856249
CYB561,-1.520723773
DESI1,-1.521686407
SMPD1,-1.52215761
WWC3,-1.52255001
KHSRP,-1.52259293
SCRN3,-1.523139883
UBE3A,-1.52317247
AGAP2,-1.523577351
API5,-1.523667275
SPIN1,-1.523956427
LARP4,-1.524835392
KANSL2,-1.524897119
MMAB,-1.525249802
UQCRC1,-1.525557102
CHMP3,-1.526281494
AZIN1,-1.527498578
SUV39H2,-1.528371142
ZNF449,-1.52978712
CD99,-1.530933355
METTL22,-1.531213307
DMAP1,-1.531460612
RNGTT,-1.532668263
MED14,-1.533097703
NUTM2A-AS1,-1.53371367
EPG5,-1.533765857
CEP170B,-1.53477771
SNX18,-1.535826695
HPS4,-1.536454177
GATAD2A,-1.53656503
PCGF6,-1.537147138
NIPA1,-1.538177819
COG5,-1.538207548
PTPA,-1.538787986
UMAD1,-1.53901571
AP1G2,-1.539222556
PA2G4,-1.539226139
NUP188,-1.540662098
IDNK,-1.541476103
TMEM267,-1.541700832
NUDT1,-1.542753924
PLP2,-1.542803895
MARCHF1,-1.543198158
TMEM9B-AS1,-1.544136071
SLITRK4,-1.544259798
CHCHD4,-1.545505749
FCGR2C,-1.546365412
PYGO2,-1.547369987
BAK1,-1.547810662
EMC4,-1.54880638
NUFIP2,-1.548939235
CLCN3,-1.549072485
HNRNPA1P53,-1.550458273
TMLHE,-1.550934521
CHCHD5,-1.551399755
GMPS,-1.551978778
CASC15,-1.552080872
RNF26,-1.553591381
KLF9,-1.554431679
ZNF85,-1.556374085
INKA2,-1.556777758
SIPA1,-1.558013916
MED20,-1.559329838
KDM3B,-1.559492498
ASB8,-1.56006224
CCND2,-1.560466231
CETN3,-1.562141527
PRIM2,-1.562202637
DPF2,-1.562598913
HMGB1,-1.563101139
PPM1F-AS1,-1.563220482
PSMF1,-1.563687874
RBBP5,-1.564236679
DNAAF5,-1.567901646
ABL2,-1.569522835
SPATA20,-1.570516485
DUS2,-1.573083286
WASH7P,-1.5740347
FCHO1,-1.574573325
OAZ2,-1.575922047
PSMA3-AS1,-1.576009713
CHMP7,-1.577314047
KL,-1.578073913
NUTM2B-AS1,-1.578326326
TTLL5,-1.579306845
TRPC4AP,-1.579923899
UTP15,-1.582781422
ZNF891,-1.583595912
PSMD13,-1.584289426
SYT17,-1.584382588
COX14,-1.585001964
NDUFAF1,-1.58516754
CHCHD3,-1.585333706
ZNF668,-1.585925323
UBR3,-1.585952576
SAE1,-1.586324017
ZNF81,-1.586799235
PHLDB3,-1.588134437
COX7A2,-1.588270992
NUP88,-1.589056623
CHPT1,-1.589171934
AGAP9,-1.591989172
WDR25,-1.592343136
GNPDA2,-1.592438774
HSD17B10,-1.593160262
ZFP69,-1.594618473
TBC1D16,-1.594757317
PSMA7,-1.595088427
DENND2B,-1.596197906
LENG8,-1.596598082
TSNAX,-1.596774408
FAM72D,-1.597051779
ACSF3,-1.597220314
SMURF1,-1.597547533
IRF2BP2,-1.59772477
WWOX,-1.59801585
NRBF2,-1.598055555
NDUFS6,-1.598969986
RBM25,-1.599563872
PPP6C,-1.600586814
ZNF441,-1.600997141
VAX2,-1.601589492
IPPK,-1.602178452
FCHSD2,-1.60251106
CYRIB,-1.603590317
TASL,-1.603919826
ATP9B,-1.604503079
NFATC3,-1.604849157
BST2,-1.605714759
CEP85,-1.606304573
SENP7,-1.606396514
TMEM60,-1.606522439
BCL9,-1.606627265
PHTF1,-1.606678198
ZMYM6,-1.6070006
PRMT1,-1.607159417
COX6A1,-1.60793706
MSTO2P,-1.608179745
GBP2,-1.608648484
GFUS,-1.609410362
GNS,-1.609573917
ATPSCKMT,-1.610070229
SCFD1,-1.610371083
PTPN2,-1.611502464
SLC39A4,-1.611573114
DDAH2,-1.611681387
PRMT7,-1.611872107
STK26,-1.612784301
GPAM,-1.613608681
ZNF587,-1.61381468
URGCP,-1.6156813
PPP1R3D,-1.616743688
HDAC8,-1.616781222
NDUFAF5,-1.618171999
ZNF789,-1.618591548
RPS6KC1,-1.61871074
NFATC1,-1.618863858
IGF2R,-1.620148583
MSNP1,-1.620342466
ETAA1,-1.622050433
ATP5MC3,-1.622274104
ITGA6,-1.622702905
SIDT2,-1.624828469
BBIP1,-1.626477762
TP53RK,-1.626708254
RESF1,-1.626983585
SPAG5-AS1,-1.627030462
RAB35,-1.627487714
KCNJ5-AS1,-1.627790395
COG4,-1.628203405
C20orf96,-1.628464058
PEX1,-1.628500493
ABCC10,-1.628948636
RETREG3,-1.630373314
MYO15B,-1.630513912
DCBLD1,-1.630684656
IL2RB,-1.631034353
MINDY1,-1.631658642
CASD1,-1.632359207
IPP,-1.632405244
ALDH3A2,-1.632598176
MYDGF,-1.632648263
SH3GLB1,-1.634324045
RRN3P3,-1.634775782
B4GALT6,-1.635049912
ZNF77,-1.635308498
FHIP2A,-1.635512256
TAP2,-1.635562986
WLS,-1.636021446
KDM1B,-1.636144438
HSCB,-1.640135752
UBE2E3,-1.641047377
HSPB1,-1.641905549
PSMD2,-1.642040672
CDK5RAP1,-1.6441188
EIF5B,-1.645541615
REXO5,-1.647122388
PIP5K1C,-1.647414446
ABHD16A,-1.647506305
CUL5,-1.647914944
APTX,-1.648669921
DNAJC24,-1.650505917
TAF5,-1.650913069
ACOT8,-1.652718774
STXBP2,-1.652776456
ACTBP2,-1.652922086
ANKRD42-DT,-1.653594891
RFLNB,-1.654458282
ATP10D,-1.65491173
EXOC6B,-1.656443496
LYRM4,-1.657364933
CTBP2,-1.65770989
RNASEH1,-1.658157574
MARS2,-1.658199869
TTC34,-1.659712456
SLC35D2,-1.661109392
OS9,-1.661884325
STXBP1,-1.662117487
NSUN5P1,-1.662484987
FNDC3B,-1.663075751
RRAGB,-1.664248257
ZNF527,-1.664892568
VBP1,-1.665675704
FCAMR,-1.6658443
MATK,-1.666161873
PSMD7,-1.66672205
CCDC159,-1.666778422
STARD3NL,-1.666813833
NAT9,-1.667034195
PCED1A,-1.66850876
NRDC,-1.669982906
EXOSC9,-1.671087282
HSDL1,-1.671322567
SLC39A6,-1.673469737
MIR181A1HG,-1.677904986
LPAR6,-1.67878739
RASL11A,-1.678880632
MTIF2,-1.679171574
MAP10,-1.679551302
IKZF1,-1.680118228
DPH3,-1.680512883
JMJD4,-1.680721803
ZBTB11,-1.68073061
TTC33,-1.681273056
PSME3,-1.681416137
ST6GAL1,-1.683278452
NBDY,-1.683321285
CRACD,-1.684901825
HIF1A-AS1,-1.684984955
STRIP2,-1.68504826
MDN1,-1.685390413
CINP,-1.687194703
METTL8,-1.68742928
YIF1A,-1.687531479
NFKBIZ,-1.687875237
CACNA1D,-1.688603064
STT3A,-1.688916658
DGKQ,-1.689574258
NOP16,-1.690188437
COA3,-1.691182001
RAP2C,-1.691288549
CD101,-1.691731476
SPATA2,-1.69177522
FXYD5,-1.69254156
ZFP14,-1.693529253
BRMS1L,-1.694479263
AP5Z1,-1.694775292
FBXL5,-1.694790187
SDHD,-1.696936121
NT5DC3,-1.697810422
TPP2,-1.69849336
DHX36,-1.698967298
ZUP1,-1.700159801
SNUPN,-1.700245188
ZDHHC8,-1.700724736
PGM2,-1.700873978
METTL17,-1.701600572
PSENEN,-1.704103785
DNAJC8,-1.704402383
L3MBTL2,-1.705364584
KCTD6,-1.70556196
DAD1,-1.70556421
UBALD1,-1.706393695
LIN52,-1.707054364
NUP210,-1.707590745
PLXNC1,-1.710569646
ARHGAP15,-1.710757625
OSBPL8,-1.710996863
RITA1,-1.711234501
EIF2S1,-1.712730592
MAPK6,-1.712740007
ALKBH8,-1.713073624
EPS15L1,-1.714547825
ACTR8,-1.714701783
TSNARE1,-1.71481496
SNX21,-1.714917733
LIG4,-1.715120477
ZNF731P,-1.716121786
ULK2,-1.716801723
SLC4A1AP,-1.717507149
RAD50,-1.717731426
ZNF628,-1.717787782
ZSWIM6,-1.718597659
TRGC1,-1.719581296
UNC119,-1.719920172
BBS10,-1.720060081
ZFHX3,-1.721087902
POLA2,-1.722812474
MAP3K11,-1.722893016
NBPF11,-1.723977926
FAM76A,-1.724189053
ZNF691,-1.725101732
NDUFAF2,-1.725192967
DOP1A,-1.727634068
ARMH3,-1.727716768
ZNF787,-1.727808259
RASSF8,-1.728559135
ARHGAP19,-1.729843198
RP9,-1.731480944
NRIP1,-1.732693686
CYSTM1,-1.732717325
ITSN2,-1.73363702
RTCA,-1.733659262
MICB,-1.733749209
NPLOC4,-1.734192328
CLEC4E,-1.734582893
DCPS,-1.735425152
LASP1,-1.735478882
CLCN6,-1.736128561
NANS,-1.73643831
ENTPD7,-1.736690143
MSH2,-1.736841053
LDLRAP1,-1.737024046
SLC15A2,-1.737579497
BTBD3,-1.73811014
VAMP7,-1.738870787
TDG,-1.744786577
GAB3,-1.746481917
C14orf93,-1.747513828
VMAC,-1.74797361
TBC1D10B,-1.749096064
SRD5A3,-1.749403294
FBXO44,-1.749836239
PREPL,-1.75011673
MOCS2,-1.750834416
BLVRB,-1.752691178
USP3,-1.753219061
LDLR,-1.753682052
PRPF38A,-1.753929398
TRMT2A,-1.75457266
RANBP1,-1.755173827
AAR2,-1.75575369
SDF4,-1.756458324
ZNF551,-1.756753976
AGAP12P,-1.757072188
ARHGAP22,-1.757445422
PGAP6,-1.757611478
RBM28,-1.757831465
COPB1,-1.758104519
CD53,-1.758154208
NTAN1,-1.758466238
PLBD1,-1.758570769
TMEM68,-1.758601353
ACAD8,-1.758815296
WDR46,-1.758892148
ARMC1,-1.759210496
ZNF35,-1.759340411
SMIM7,-1.75944399
GAS6-AS1,-1.75951251
ITPK1,-1.759876198
TGFBRAP1,-1.760104735
ARPC1A,-1.760310327
RGS16,-1.76166838
APEX2,-1.762642695
VSIG10,-1.764083914
SELENOI,-1.766149471
ARV1,-1.766696329
METTL3,-1.768470788
PARS2,-1.769187508
GPX1P1,-1.769485191
ACACB,-1.769542408
TSEN34,-1.769852123
IER5L,-1.770817441
COG6,-1.771325775
MAPKAP1,-1.774710441
DIS3L2,-1.775224542
ATP6V0A2,-1.77553818
SLC66A2,-1.775558299
ZNF689,-1.775743824
TTC14,-1.776262106
SLC25A20,-1.778135729
PSMD6,-1.778721572
AGAP14P,-1.779545863
EIF2B5,-1.779909594
ATOX1,-1.781847497
TIGD7,-1.782208987
IBTK,-1.782328875
GLRX5,-1.783532565
ABI3,-1.78598298
KBTBD3,-1.786581392
SH3GL1,-1.78689668
HSP90AA2P,-1.787222462
GNL3L,-1.789800837
ZNF253,-1.789884888
BROX,-1.791556741
PMM2,-1.79163042
ACAD10,-1.791664738
SLC25A24,-1.791773488
BRF2,-1.791781266
MFSD11,-1.792356841
FBXO41,-1.794266364
FBXL6,-1.795038755
RASSF4,-1.796133647
PAG1,-1.796511734
POLR3GL,-1.796750225
TRIM38,-1.797065889
CMC4,-1.798191084
TTC1,-1.798569581
ALDH9A1,-1.798868742
GPRIN3,-1.799069415
MED25,-1.799432798
TMC8,-1.800504972
LRRFIP1P1,-1.802445313
ZNF675,-1.803291998
SLC52A2,-1.804288211
TTN,-1.804911329
POTEF,-1.805722081
MPHOSPH9,-1.80628248
SNHG17,-1.806585177
B3GNT2,-1.807364355
DPP8,-1.810585644
CCDC51,-1.810778318
AOPEP,-1.81176291
ANKRD6,-1.812020034
ERCC6L2,-1.812358906
TUBB2B,-1.812557441
ILF3-DT,-1.814006721
LMBRD2,-1.814501168
GALNT1,-1.814684806
METTL5,-1.81585658
SELENOF,-1.816731327
VILL,-1.817147262
H2AZ2,-1.818624672
TNRC18,-1.81933829
EGLN2,-1.821110603
SKP2,-1.821398128
PEF1,-1.821853189
RFC4,-1.822088971
GPD2,-1.823900016
IL1A,-1.824695346
COPS4,-1.825097131
FPGT,-1.825414983
CCDC6,-1.826474945
SUN1,-1.826970289
SIX5,-1.827237896
PPP6R1,-1.827888016
STT3B,-1.829545141
TARBP1,-1.830268302
SPIN3,-1.830569589
TIPIN,-1.832234894
KCNN3,-1.832450179
GLCE,-1.832571926
FMNL3,-1.833315074
PREB,-1.833945601
ABHD17A,-1.834238342
MSMO1,-1.834814409
DHX29,-1.835555183
CRIP1,-1.835655457
ANKRD12,-1.835705491
MTM1,-1.837002165
SMARCA2,-1.837507727
BICD2,-1.838017143
RERE,-1.838235155
FARS2,-1.839876038
ST3GAL4,-1.841151719
CMTR2,-1.841152884
TXNDC17,-1.841427355
ATP11A,-1.841571162
ZBTB47,-1.842399778
HAUS3,-1.843973051
GNA11,-1.845051922
HLA-DRA,-1.845942226
CRNKL1,-1.846555197
HNRNPA3,-1.846782864
SFT2D2,-1.846835862
MRPL42,-1.848508017
ABCF2,-1.848549961
IFRD2,-1.850505578
NUBP2,-1.850847537
ARF4,-1.851529931
CYB561A3,-1.854945277
HCG18,-1.855268779
PAXIP1,-1.856276154
ITGB1,-1.858098486
LRRC37BP1,-1.858133054
GTF2H5,-1.858522026
MED30,-1.858796662
DUSP23,-1.859461414
UBE2S,-1.860040208
ZNF397,-1.860247826
USP39,-1.861210022
RPS10P7,-1.864552244
GRK6,-1.865130626
FLOT2,-1.865410163
RBM18,-1.865566019
PCGF2,-1.865776167
MRPL20,-1.867453654
NUDT12,-1.867908868
TMEM243,-1.867939789
HARBI1,-1.868054396
SLC37A4,-1.868205171
TMEM186,-1.869299497
TRIM5,-1.869756523
MCU,-1.873326049
MAN2A2,-1.873645161
RABEPK,-1.87401709
EFCAB13,-1.87513718
ITGA4,-1.876527267
RAD52,-1.880156822
NEU3,-1.880157328
RNF130,-1.880355769
GPR162,-1.880739105
DTNA,-1.881213222
GSK3A,-1.881646893
C5orf22,-1.883605266
STARD13,-1.883669308
EEF2KMT,-1.885744799
TUFT1,-1.886785812
INTS12,-1.887666819
RSAD1,-1.887674525
ITGA5,-1.888393615
MYH11,-1.888477281
PRDM15,-1.889202935
MLH1,-1.889351443
GORASP1,-1.889404637
PSMG2,-1.88946925
CHCHD10,-1.889838249
CD59,-1.889964788
MTPN,-1.890935714
PAK1IP1,-1.891225339
CCT6B,-1.892994746
NRIP3,-1.893818275
LDAH,-1.894120853
POU6F1,-1.894868472
ADAP2,-1.894960341
HMGB1P1,-1.895611651
EFR3A,-1.898079594
FAM133DP,-1.898246466
UGGT1,-1.898383381
RABEP2,-1.899450873
TMEM255B,-1.900074655
TMEM30A,-1.901534616
NDUFS3,-1.901712747
DNAJC7,-1.902134089
PPIP5K1,-1.903364054
HSBP1,-1.903594342
RNF13,-1.905255526
WDR37,-1.905259458
PLA2G4C,-1.905920926
CCT6A,-1.907143331
TCERG1,-1.908278807
MRPL13,-1.909174172
MICOS10,-1.909315684
GARS1,-1.909639724
ZNF66,-1.90974296
HERPUD2-AS1,-1.909959582
ITGA9,-1.910333012
ACSS1,-1.91083152
NNT-AS1,-1.912964254
ATR,-1.913401025
RWDD2B,-1.913576486
ZNF708,-1.914785768
OPTN,-1.915009645
FANCF,-1.916536039
ZNF226,-1.917180487
TUBGCP3,-1.918181809
RTN4IP1,-1.918566195
C6orf89,-1.919127317
SLC25A35,-1.919896855
SOWAHC,-1.922735573
SRP9,-1.922944036
SNX12,-1.923070014
NBEA,-1.923397477
PEX2,-1.923506416
DTNBP1,-1.92435225
ESRRA,-1.925065401
SPATS2,-1.927980229
CELF1,-1.928873738
PARN,-1.929642119
FOXP1-IT1,-1.930781377
INO80,-1.930987333
ACSL4,-1.931689238
LYRM2,-1.931783829
QSER1,-1.931916735
PHF19,-1.933234898
FGFR1OP2,-1.933531922
HAT1,-1.933628735
ZDHHC5,-1.93381242
GZF1,-1.936480548
CYLD,-1.936624435
ERF,-1.937582153
ROCK2,-1.937719468
APLP2,-1.938368855
GNAQ,-1.938625957
SETMAR,-1.939395058
PPM1L,-1.939403232
MBD6,-1.9395949
ZC3H7B,-1.940125176
MITF,-1.940455138
RPN1,-1.940675984
DLD,-1.940970731
RER1,-1.942126033
PBXIP1,-1.942309293
ZYG11B,-1.942496469
CEACAM19,-1.944877911
GSTO1,-1.946537681
FTLP3,-1.947600908
COP1,-1.947683239
IFT122,-1.947811303
GVINP1,-1.948496137
FAM3C2P,-1.948999542
SOD2,-1.949131389
IL17RC,-1.955201188
KRBOX5,-1.95564177
FAM171B,-1.956438099
C2CD2,-1.957248199
SLC23A2,-1.957772894
DHX30,-1.960378688
EXT1,-1.960510643
MPDU1,-1.962132585
SPRY2,-1.962792464
ZNF589,-1.963411432
ABHD17AP1,-1.963807882
SYNJ2BP,-1.963917382
WDFY4,-1.965004428
MTDH,-1.965295374
NCOA1,-1.966062287
RAP2C-AS1,-1.967182376
TNFRSF8,-1.96731395
POMT2,-1.967700347
NRM,-1.969314452
PPP1R12C,-1.969446358
PTPN9,-1.969474618
KMT5B,-1.971372473
FNIP2,-1.971575307
SUOX,-1.972274014
TST,-1.972357018
HEATR5B,-1.97274604
SUGP2,-1.974428157
NAA16,-1.976036879
CCAR2,-1.976990451
DUSP18,-1.977323115
PARP11,-1.977433026
RALGPS2,-1.978020018
TRAPPC13,-1.978269572
NAA10,-1.978371936
PSMA1,-1.979610558
NT5DC2,-1.979842545
CD74,-1.980044131
SLC24A1,-1.981508295
LSM6,-1.981642301
RELCH,-1.982836236
HHLA3,-1.984829396
MIR22HG,-1.98538223
SMIM30,-1.985605878
USP16,-1.986040606
SDCCAG8,-1.987382315
SLC16A10,-1.987526847
USP51,-1.989186941
ACOT11,-1.989227983
APP,-1.989351097
MB21D2,-1.991475878
PLEKHO1,-1.993277106
RAB29,-1.99343661
ZNF469,-1.993716543
FAM53C,-1.993999109
ZDHHC20,-1.995591503
RPL32P1,-1.996081129
UVSSA,-1.996572888
NVL,-1.997350499
IFT57,-1.998233432
KLHL18,-1.99833447
BAIAP2,-1.998548654
MYO1A,-1.999003919
CCDC97,-1.999540789
DTX2P1-UPK3BP1-PMS2P11,-2.000143456
NHP2,-2.000252801
TMBIM6,-2.001015507
TBCB,-2.001668761
TIMM13,-2.002475324
QKI,-2.002492539
NADK,-2.002923313
CLASP2,-2.004488901
PPP1R13B,-2.004816808
RAB14,-2.005596584
LRRC37B,-2.005897018
POLM,-2.006958017
ZC3H8,-2.008279933
MSANTD4,-2.00891709
NOC3L,-2.00909939
UBE2F,-2.009166653
SCLT1,-2.010492901
SGMS1-AS1,-2.011594194
RIMS3,-2.011736769
CST3,-2.012106908
SLAMF1,-2.012588541
KMT2D,-2.012776762
TMEM256,-2.013351101
TECR,-2.013380913
ANGEL1,-2.014708833
OPLAH,-2.014975577
ATPAF1,-2.015444927
HLA-DPA1,-2.015615147
PDGFA,-2.016868276
PNPLA8,-2.017850432
TOP1,-2.01818458
DDX60,-2.019852987
ZNF326,-2.020897583
CHML,-2.021055728
SERPINF1,-2.021658337
MTF2,-2.022296577
KIN,-2.022534204
UROD,-2.023107467
GLUD1,-2.023476917
SH3BP4,-2.023938118
ARRDC1,-2.024203902
NDUFA9,-2.025425648
LAMTOR4,-2.027453473
AIMP2,-2.029427044
NUP35,-2.030380144
STYX,-2.03065089
PIGF,-2.032851137
CHIC1,-2.033066646
ZNF814,-2.03441053
ZBTB7B,-2.035536053
LLPH,-2.036483541
PRDM11,-2.036715266
AGAP3,-2.036782875
MAN2C1,-2.036879569
PIBF1,-2.037234798
NUDT9,-2.037908636
SP100,-2.038360181
RBL2,-2.038510403
MIPEP,-2.039086133
DOCK4,-2.039790341
ITPKB,-2.041811116
ANKRD13C,-2.04198235
C1orf109,-2.042455621
TSPAN15,-2.043202648
SLC25A33,-2.045349871
KSR1,-2.045608637
SRI,-2.046739879
HSPA1L,-2.047063887
TRIM36,-2.048116778
RFX1,-2.049371617
MRPS16,-2.049813296
NPIPB10P,-2.050272021
PAXIP1-AS2,-2.051025099
SMIM4,-2.051168066
STAT4,-2.052252194
HAUS5,-2.052477116
C2,-2.053591336
CGRRF1,-2.053709907
UBN1,-2.056453436
RABIF,-2.057746377
CHST11,-2.058140509
DBP,-2.058587224
WSB2,-2.059546026
SGMS1,-2.059562803
POMK,-2.060472617
COPG2,-2.062076112
NDFIP1,-2.063424806
LIMS1,-2.064132498
VPS29,-2.064709423
ANKRD9,-2.065437119
WBP1L,-2.06650643
IFT88,-2.067395583
NUCB1,-2.068979166
MRPL1,-2.069768712
GGCT,-2.070178948
IPO9,-2.071147545
OSGIN1,-2.071541042
SLC22A15,-2.071608784
KLF3,-2.072032761
ZNF217,-2.072554595
GPATCH2,-2.072733702
STXBP5-AS1,-2.07306952
CBR4,-2.073967931
IL1RAP,-2.074066792
LENG9,-2.074464089
RAI1,-2.077119179
NOL8,-2.078375853
CD84,-2.081555294
CDS2,-2.081900507
ERC1,-2.083942705
LRFN3,-2.085148719
PLEKHB2,-2.087879162
MT2A,-2.088118689
PLAA,-2.089569047
ARPC5L,-2.091221765
CEP78,-2.0916755
CCDC144B,-2.093973854
LRR1,-2.094542949
STK36,-2.094729166
ARPC2,-2.09545848
ZNF121,-2.095863947
PGGHG,-2.098815394
BAZ1A,-2.098893717
TAF1A,-2.098956362
TMEM176B,-2.099169505
CAMTA2,-2.101122101
TTC38,-2.103891983
SLC22A4,-2.10736342
RPN2,-2.108333228
E2F4,-2.108690944
CCDC85B,-2.108752853
PSMD8,-2.108870105
DCAF7,-2.108964474
ALDH6A1,-2.109152242
AGPAT1,-2.10929834
PHF2,-2.109407461
DCAF13,-2.111139506
TMEM138,-2.11129643
LRP8,-2.113865449
SDAD1,-2.114445494
MPND,-2.115041494
LXN,-2.115550257
UQCR11,-2.117198503
NFYB,-2.1173424
IRF5,-2.117467118
NAT1,-2.117581409
TRIM3,-2.117717933
DDX46,-2.118973077
GTF2A2,-2.119260111
PSMC3,-2.120082637
SLC2A6,-2.12102193
MON1A,-2.12275626
ZNF225,-2.123221712
MIA2,-2.124683089
SPRTN,-2.125588074
ATXN2,-2.126268954
EIF2B3,-2.126431596
LRRC3,-2.128935209
CCT3,-2.13030019
TMEM184B,-2.130594482
C2CD3,-2.131650267
UBQLN1,-2.13195916
PRKAR1B-AS1,-2.136180121
CCNYL1,-2.136381625
RNF44,-2.1370883
METTL23,-2.13738044
TFPT,-2.137613777
SNRPA1,-2.138119232
PECAM1,-2.138467371
LSG1,-2.139826428
LRRC8C-DT,-2.140343467
UNC93B1,-2.140929169
VCP,-2.144384106
PTPMT1,-2.146431819
SEZ6L2,-2.149496727
ZNF510,-2.149726705
ATP5MC1,-2.151443368
NCDN,-2.151662054
MFSD2A,-2.152206227
GRK2,-2.152317461
CHPF2,-2.152740355
TMBIM1,-2.154102166
MAGT1,-2.15526802
PLGRKT,-2.155899544
MT-TP,-2.157892946
EPHB6,-2.158849304
IMPA2,-2.160088247
NUS1,-2.161310036
STRAP,-2.161562101
EHD3,-2.161567691
DDX55,-2.16204265
ZNF547,-2.162519555
PSEN2,-2.163772832
NMRAL2P,-2.164201629
ANAPC13,-2.164661614
CEBPA,-2.165746842
ZNF211,-2.165818942
ARL13B,-2.166428875
SGSM3,-2.166676209
IKZF4,-2.166744697
MOCOS,-2.166917824
ZNF736,-2.168420724
ANO5,-2.168695255
ZBTB26,-2.169810007
SCAMP3,-2.17213443
TAPBP,-2.172150213
HPS5,-2.175213714
SPOPL,-2.176234525
RASA2,-2.176794704
METTL21A,-2.178019649
CD1B,-2.181481203
GNA15,-2.182849615
MED24,-2.184011578
SH3BGRL,-2.184819808
GEMIN6,-2.185373172
AFG1L,-2.185533894
RALGPS1,-2.185779317
PRKX,-2.186149426
ASH2L,-2.188536946
XIAP,-2.188713473
AP1AR,-2.189262504
POLR3H,-2.190930675
SRSF10,-2.191357383
SEPHS2,-2.19174151
CCPG1,-2.191880642
NOLC1,-2.193302162
STOX2,-2.193980087
PPP2R5D,-2.194535016
ACLY,-2.197755411
SEC22B2P,-2.19797066
TEX10,-2.198187267
TM2D2,-2.198595936
TECPR2,-2.198757457
RASA3,-2.199221665
STAU2,-2.19937865
TP53BP2,-2.199902436
POLA1,-2.201037011
COG8,-2.20108423
TPCN2,-2.201429805
UCHL5,-2.201594075
TMEM202-AS1,-2.201733383
ZNF792,-2.202083289
THOC1,-2.202203541
DTNB,-2.202562721
NOL4L,-2.203794889
SRSF7,-2.204210067
INTS4,-2.204265752
APBB2,-2.2045858
LPIN1,-2.20710135
MRPL41,-2.207635367
RABL6,-2.208465113
TMCC1,-2.209453528
PTCD1,-2.211774344
G2E3,-2.212486216
GBP1P1,-2.212743183
NBEAL2,-2.212930117
CEP170,-2.213254397
SLC15A3,-2.213322848
PSMD14,-2.214766133
WDR83,-2.216586189
YIPF1,-2.217977132
ACADM,-2.218438467
CAVIN1,-2.2187789
SNX24,-2.218808646
MAST3,-2.219826172
MCF2L2,-2.220841492
ZNF213,-2.222999411
RNF169,-2.223074806
TBRG1,-2.224672595
TWNK,-2.225085547
CCDC93,-2.227785644
TRAK1,-2.227792409
CSGALNACT2,-2.229202653
CLEC12A,-2.230052316
CLOCK,-2.232758247
LRCH4,-2.233545369
GARS1-DT,-2.235071085
DMAC2,-2.235325363
LYAR,-2.236169737
TPRG1,-2.236331365
C5AR2,-2.237858388
RECQL,-2.238444251
TGOLN2,-2.238553943
MTMR9,-2.238716445
RMND1,-2.2395132
LY96,-2.241303506
MAD1L1,-2.241328023
UPP1,-2.241477949
EHBP1,-2.244976415
RTCB,-2.247181759
GPR137B,-2.247694554
MORC2,-2.248366215
ST7L,-2.249563741
ERCC8,-2.251450407
NUBPL,-2.252074409
PHB1,-2.25346458
ADGRA2,-2.253985057
ACER3,-2.25411275
PIGBOS1,-2.255117393
SNX19,-2.256001891
USP4,-2.258846639
CDC25B,-2.259649835
RABGGTA,-2.259949988
DGCR6L,-2.261132192
TMEM50A,-2.262335779
BTBD10,-2.262681903
GALK1,-2.264275657
PMS2P1,-2.264835722
ZNF330,-2.264906291
ACAP1,-2.265685592
H1-4,-2.265752219
ERG28,-2.2660842
IDH3A,-2.268023104
FASTKD2,-2.272364584
PRDX3,-2.272913706
SLC16A7,-2.274469655
SDHB,-2.275429982
GLRX2,-2.277171865
MIOS,-2.277317099
ATP5PD,-2.279036149
PSMB1,-2.279546847
CDK4,-2.280348918
ERGIC2,-2.280350582
GNAI3,-2.280463889
MIA3,-2.28055917
PSMC5,-2.282490152
AP1S1,-2.287607163
WASHC4,-2.288983035
TMX4,-2.291536882
SAR1A,-2.291883053
POLR3E,-2.291959833
NLRP3,-2.292150286
TUBG1,-2.292206948
AP2A2,-2.292344965
ARMC10,-2.294278463
PRXL2A,-2.294828172
PACSIN2,-2.296439338
MMP2,-2.297524546
ATG4A,-2.299868438
ZFP36,-2.300554396
CBL,-2.301196748
CLEC2D,-2.302204724
ERI2,-2.302639506
TMEM179B,-2.303714791
SETDB1,-2.304312297
C1GALT1C1,-2.304313764
BTF3L4P2,-2.305011547
TESPA1,-2.305151129
GAS6,-2.305271959
CEP41,-2.306516239
FTL,-2.306586833
C19orf47,-2.308202347
ARFIP1,-2.308787631
ZC3H15,-2.309905615
GALE,-2.309911314
CTNNBIP1,-2.311516515
MSTO1,-2.311638843
WIPF1,-2.311840784
RRP1B,-2.312139411
GPSM3,-2.313811272
STYXL1,-2.313855053
NDUFV3,-2.313856693
NSFL1C,-2.314997903
ANAPC7,-2.315806068
CSNK1G2,-2.315844561
LPXN,-2.31608994
SDHAF4,-2.316438417
RRAS,-2.316855673
CD68,-2.316882075
ITGB2-AS1,-2.317030445
DECR1,-2.318351
DCAF11,-2.318863774
MRPS30,-2.31960026
TRANK1,-2.320467959
RAB5C,-2.321783669
AREL1,-2.321931239
CALR,-2.322629154
SHTN1,-2.322633139
MAML2,-2.323174726
BTG2,-2.323371143
GPR89B,-2.325268846
MRTFB,-2.326856414
DEPDC7,-2.327448638
FRG1HP,-2.327560344
FDX1,-2.328681742
DCTPP1,-2.329128902
BAHD1,-2.330301501
WBP2,-2.331020036
ATN1,-2.332293728
ECD,-2.334296613
TWSG1,-2.335022087
PTPN22,-2.335424443
COMMD7,-2.337288264
TIMELESS,-2.337621388
SLC28A3,-2.338116884
PPIB,-2.340797888
NDUFA13,-2.342325214
CAPZB,-2.342444499
DNAJC19,-2.344413834
ARPC4,-2.346622124
FLNA,-2.347216505
TXNDC16,-2.347543657
S100PBP,-2.34798949
HOTAIRM1,-2.349862025
TRAPPC14,-2.351170741
RLIM,-2.352244175
SBF2,-2.353243235
STARD3,-2.353253442
EWSR1,-2.354466268
AHNAK,-2.354672062
BID,-2.356964134
STIMATE,-2.358447399
FKBP5,-2.358814612
CTBS,-2.361124544
ZNF559,-2.361228336
YARS2,-2.361394807
SAR1B,-2.36209345
FAM241A,-2.364761344
SEPTIN2,-2.364898868
PTPN12,-2.365261345
CC2D1A,-2.365688674
MTPAP,-2.366391918
GORAB,-2.366535635
DOLPP1,-2.366853183
COMMD5,-2.368079944
VAT1,-2.368645497
RNF6,-2.368762077
WDR24,-2.369660222
MTMR12,-2.370186131
LRP6,-2.370490435
CLN6,-2.371073642
SNRNP40,-2.373512187
NCOA2,-2.374309009
SLC12A6,-2.374457017
MSR1,-2.374623898
NAA15,-2.374981646
PRELID1P1,-2.375914653
CHEK2,-2.377236137
SMARCAD1,-2.380107154
MFSD8,-2.381039864
ATXN3,-2.382239929
PPBP,-2.383045984
FAM214B,-2.384354601
ABHD2,-2.386198599
LINC01191,-2.386293889
PNPLA2,-2.386589584
SMAD1,-2.386631964
ATP6AP1-DT,-2.387137746
LIG3,-2.387255
FAM8A1,-2.387798755
SMARCA4,-2.387850365
PIGO,-2.388251006
CLEC4D,-2.388397689
SNX30,-2.388669217
IFTAP,-2.389515094
DUS1L,-2.38966136
PPRC1,-2.390173644
ZCRB1,-2.390550457
AGFG1,-2.391666967
EIF5A,-2.392613908
MVD,-2.392924081
PXK,-2.393094724
SLC4A2,-2.394619139
RRP7A,-2.394629476
WDR91,-2.394659653
TPM3,-2.395232967
TRIM68,-2.395378573
LINS1,-2.395973593
GPSM2,-2.397574746
HFE,-2.397670585
UPF3A,-2.398661464
SLC25A51,-2.39970835
DBR1,-2.40300119
LSM8,-2.403991523
DGKZ,-2.404517154
SLC16A5,-2.408075481
MEGF6,-2.40822791
FH,-2.408881844
UBE2SP1,-2.409191975
FBXO38,-2.411236762
SLC25A16,-2.411604455
FIG4,-2.414510057
GLIPR2,-2.415853418
DDX20,-2.416610961
TRIM22,-2.418460056
CIPC,-2.418709879
ANKRD26,-2.419486784
TBC1D24,-2.422956237
GLB1L,-2.431389605
MAPRE1,-2.431643056
HADH,-2.432227648
FUBP1,-2.434858558
GPS1,-2.435260589
CYBA,-2.435351137
ZCCHC10,-2.438263339
FSD1L,-2.43977382
CROT,-2.440099534
ZNF445,-2.440534305
GNPTG,-2.440996233
BBLN,-2.441968293
DHCR24,-2.44346911
WDR12,-2.444324651
SLC39A10,-2.444758249
WASH9P,-2.445550436
RAB7B,-2.44562239
UGP2,-2.445741717
RAB7A,-2.445818233
CCDC167,-2.446301344
BORCS7,-2.447475348
CEP57L1,-2.448352927
ALG14,-2.449657896
CARM1,-2.450031031
SEPTIN9,-2.450510926
NKIRAS1,-2.452931951
ZNF624,-2.453954511
DFFB,-2.454824483
URB1,-2.458023319
SKA2,-2.458508031
CCDC112,-2.459261488
PRPS2,-2.459294854
ZFP36L2,-2.459352847
CLIP2,-2.4618925
EXOC4,-2.462257686
FAM89B,-2.463909008
GLIPR1,-2.464448691
IDH2,-2.465249215
VPS50,-2.465346793
LCLAT1,-2.465550524
NDUFS8,-2.468731069
CTSA,-2.469108982
CELSR2,-2.469926292
MRPL9,-2.471411654
BRAT1,-2.472159892
CHAMP1,-2.472856702
NRBP2,-2.473103514
RPRD1A,-2.473589863
STXBP4,-2.474002843
MIDN,-2.474634914
SYPL1,-2.475641439
PUDP,-2.476517165
LYPLA1,-2.47674886
LRRC59,-2.47819747
DCAF17,-2.478211432
EIF4A1,-2.478755553
ATF6B,-2.478809007
ARAP1,-2.480008771
MARCO,-2.480513257
ANXA4,-2.483148553
UNC93B7,-2.484499679
ABCA7,-2.4854684
PLA2G4A,-2.486222096
COMMD8,-2.486450304
GRAMD4,-2.486456332
NECAB3,-2.487219225
GRIPAP1,-2.489490157
CMIP,-2.490967763
ZNF416,-2.491140202
ZDHHC21,-2.492233305
HNRNPM,-2.492279939
MUS81,-2.493335602
NUP93,-2.494765051
SOGA1,-2.49762814
SPATA2L,-2.498747211
ATG4C,-2.500528538
HELB,-2.501378861
RAD9A,-2.503151884
COG7,-2.504908601
PBRM1,-2.507351489
WDR5B,-2.509271277
LINC02605,-2.509921719
STXBP5,-2.511920278
NSUN3,-2.512648348
HLA-DRB5,-2.514111301
SLC10A7,-2.516296832
CHMP2A,-2.516798229
CYREN,-2.517243405
RASGEF1B,-2.517420159
ARF1,-2.51953761
NECAP2,-2.520740282
IQSEC1,-2.522069101
ZNF512,-2.522846534
PCCA,-2.525824656
KIF5B,-2.527092027
EEA1,-2.52820776
IRF2-DT,-2.528880487
CNIH3,-2.529966979
MAX,-2.530033973
CENPN,-2.530799372
BLNK,-2.530817508
BCS1L,-2.531470627
TCN2,-2.53373607
WASH5P,-2.534552628
MROH1,-2.535703922
MBTPS1,-2.536073768
USF3,-2.536186033
SSBP1,-2.538141418
RNPEP,-2.539035462
KIAA0930,-2.540265455
ZNF324B,-2.545639139
JKAMP,-2.54616459
VPS18,-2.546527024
ZFAND5,-2.54713658
ULK4,-2.548316025
LINC01772,-2.551163275
IFI35,-2.551322911
ARHGAP25,-2.553222174
RIOK1,-2.553301748
LINC01094,-2.553362545
PFN1,-2.553644674
STK11IP,-2.555000963
DRG2,-2.557574716
GAK,-2.559092769
MICU2,-2.560259584
NDUFS7,-2.560360426
COPB2,-2.560455698
PRMT6,-2.560838104
MTHFR,-2.56201705
MRPL19,-2.564497889
RAPGEF2,-2.565921432
CAMSAP2,-2.567154604
LRRFIP1,-2.567186641
TET2,-2.567186792
HINT3,-2.567443071
CARD6,-2.568269358
UBP1,-2.569301083
DBNDD2,-2.569681574
MRPS18C,-2.571428142
FAM114A2,-2.572206292
TSFM,-2.572448746
BTN2A2,-2.573923466
YARS1,-2.574077809
MCTS1,-2.574580429
NFATC2,-2.576093292
ZNF347,-2.576374181
HNRNPF,-2.576582617
SNAPC5,-2.576643628
UBTD1,-2.578089882
HLA-DQA1,-2.579753204
TRIM27,-2.582752508
SSB,-2.583537976
SIPA1L2,-2.58362696
RCN2,-2.585064285
BABAM2,-2.586472006
B3GALT9,-2.588341512
TOR4A,-2.589936157
FAM102B,-2.591810157
THAP6,-2.592966329
FBXW5,-2.594715912
MRPS25,-2.594756936
HSPA1A,-2.595381643
FBXO4,-2.597642191
SNX17,-2.598214012
MXD1,-2.599307151
SLC27A1,-2.601713593
TFCP2,-2.602140958
ELMO1,-2.602696895
RUBCNL,-2.603507064
NDUFV2P1,-2.608824239
ENG,-2.609449282
TMPO,-2.609925181
TMEM185B,-2.611512747
GGA1,-2.612593867
IL32,-2.613432787
GIMAP2,-2.614260608
SORT1,-2.617747694
DARS2,-2.618390821
RANGAP1,-2.618822794
INO80C,-2.620849939
LEO1,-2.621399787
CXCL5,-2.621577784
LILRB4,-2.622479559
COL23A1,-2.62269047
FLYWCH2,-2.623197295
PNPT1,-2.624077489
ARF5,-2.625410079
KLHL5,-2.627360268
TSG101,-2.630120112
GNG2,-2.630362836
PUS7L,-2.633139223
PGAP3,-2.634294485
INTS10,-2.635175061
BTN2A3P,-2.636043958
FECH,-2.636537245
TMED10,-2.637335788
NAXE,-2.637970954
JDP2,-2.639092155
PDHA1,-2.639423509
RAB1B,-2.642828279
ERAP1,-2.643263705
TRAF3,-2.643474642
HDAC7,-2.643579107
LINC02987,-2.643912734
UNC13D,-2.647308448
SEC23B,-2.647593324
APOL3,-2.648362687
SAYSD1,-2.648659317
ANXA5,-2.650481854
PHF14,-2.651389415
ARPIN,-2.651436367
PSMB8,-2.652632091
IFT52,-2.654158658
ZNF473,-2.654788371
FGR,-2.657502581
TP53TG1,-2.660509806
C1QC,-2.660896058
WDPCP,-2.661368531
IQGAP2,-2.667331365
TBC1D5,-2.667514526
PALS1,-2.670936951
ABHD17AP6,-2.673009477
TPD52L2,-2.674693436
ZBTB2,-2.674889712
MAP1S,-2.675316471
SSH2,-2.675566518
PCSK7,-2.675842769
SLC30A6,-2.676463016
SYT11,-2.678247119
KLHL12,-2.678671089
LNPEP,-2.68109565
LPGAT1,-2.681599275
SENP3,-2.682518193
C5AR1,-2.682539647
NCK1-DT,-2.68431229
ARL15,-2.684842891
C18orf32,-2.68585881
TAPBPL,-2.686051384
KLHL22,-2.689788496
TCIRG1,-2.690328285
DAZAP2,-2.690691229
NISCH,-2.693399013
CLEC4F,-2.694979853
EAF2,-2.695892488
ZBTB48,-2.697722773
PLEK2,-2.697999438
NXPE3,-2.698184978
SPHK2,-2.698323958
GPD1L,-2.700051052
ZNF319,-2.703841597
SHLD2P3,-2.704638126
TUBGCP4,-2.705051109
HCK,-2.705418665
GP1BA,-2.706547568
SERINC5,-2.706687956
ZNF235,-2.707027991
TMEM199,-2.708784196
ZNF493,-2.70883969
TSN,-2.71167477
GLA,-2.712153421
ABHD12,-2.715963613
GFOD2,-2.718668341
PPIL2,-2.719106164
PIK3CG,-2.719457044
TOLLIP,-2.720032319
RGL2,-2.722409237
CWC27,-2.723498827
UBLCP1,-2.724238591
FBXO3,-2.724443591
RPGR,-2.725337883
DNM1L,-2.726998574
TMX2,-2.727991302
CTSD,-2.728736744
FAM72A,-2.729452291
PELATON,-2.73185838
AQP3,-2.733032157
MYO1F,-2.735872882
FAM157C,-2.739085512
PRDM10,-2.739382353
RP9P,-2.74132742
TSEN15,-2.742659743
CERS2,-2.743466255
TTC31,-2.745812783
SLX4IP,-2.747117868
WDR77,-2.748372641
SHLD2,-2.748619648
GPR180,-2.75076158
EEPD1,-2.751252823
ZNF322,-2.754650056
CYBC1,-2.755485851
CPVL,-2.755977089
PASK,-2.756382621
KLHL6,-2.75659261
THADA,-2.758893776
HDGF,-2.760056008
ZC3H12C,-2.760986882
SLC25A39,-2.761519575
SNRPD1,-2.761591942
FCGR2A,-2.761709437
ARMC6,-2.765938205
UBTF,-2.766474664
HLA-DRB1,-2.766654656
SETD3,-2.766895645
IARS1,-2.768516128
PANK2,-2.770874174
PDE4DIPP2,-2.771652742
WASH3P,-2.772671167
PRRC1,-2.774039179
LBX2-AS1,-2.774136482
AIFM1,-2.774382843
GBA2,-2.775252397
UBR1,-2.775409612
PSMD3,-2.776136378
ABAT,-2.77706699
BCLAF3,-2.777761117
H1-2,-2.779082113
RGS10,-2.780522319
MTX2,-2.780654805
HCLS1,-2.781747573
UBE2L6,-2.782653072
RAB5A,-2.784304391
DPY19L3,-2.786296412
NUP107,-2.786515367
M6PR,-2.787165177
ZNF362,-2.787444214
NF2,-2.788921265
POP1,-2.7911872
LINC00863,-2.791606279
MT1X,-2.792292087
SMARCAL1,-2.792319852
ALG11,-2.792951596
SMPD2,-2.794154165
FMNL2,-2.794820631
SYNE3,-2.795766396
TEF,-2.799612163
CCDC15,-2.800954738
DHX35,-2.80294585
MOSPD1,-2.803744866
MTG2,-2.804092043
GLYCTK,-2.804504518
IQSEC2,-2.805012783
SIRPB2,-2.805733834
GGA3,-2.80614495
CASP4,-2.806573143
SRBD1,-2.806867817
EIPR1,-2.808435167
UBE2W,-2.809282618
RB1,-2.810166941
C1QA,-2.810537234
CPSF2,-2.814386736
WASH8P,-2.817159353
TMCO1,-2.818075714
PLIN3,-2.818440205
MANF,-2.818933625
MEI1,-2.819604057
WDR3,-2.819954749
RAB43,-2.821698085
ANKS1A,-2.821881112
ENC1,-2.823426558
MACC1,-2.824091337
ZNF75D,-2.825129358
DAP,-2.825992408
SH3BP1,-2.827160084
GUF1,-2.827438201
CORO7,-2.827964197
MMP12,-2.82806595
AHDC1,-2.829070397
PON2,-2.829640819
DNAJA4,-2.830773626
PABIR1,-2.830820704
PIGS,-2.834612816
RPIA,-2.836271842
PCTP,-2.837628057
SMARCD2,-2.838549946
TMEM144,-2.838770221
POLE,-2.838870337
DGKD,-2.839555783
WASH2P,-2.839798462
RSU1,-2.840085222
LINC00926,-2.84078451
SPINT2,-2.841989122
USP15,-2.842479622
DDRGK1,-2.842503621
SLC22A18,-2.845730435
DUSP10,-2.846267715
RHOH,-2.848108882
GMFB,-2.848640735
SP140L,-2.850237383
TUBA1A,-2.850391231
PHETA2,-2.853036874
ERCC2,-2.856401254
ROCK1P1,-2.856467318
DNMBP,-2.859260027
TAX1BP3,-2.862608824
EFTUD2,-2.865276598
EIF4A1P10,-2.867921476
CAB39,-2.868230093
PABIR2,-2.868509046
MIEN1,-2.869229459
ZNF18,-2.870761735
DEPDC5,-2.871063229
WAPL,-2.872048937
LRP1,-2.874338391
ARHGEF9,-2.8749138
TLK2P1,-2.875968584
CAMKMT,-2.876805794
FXYD6,-2.88039225
AP5M1,-2.886089174
CMAS,-2.886317624
FAM126A,-2.887840819
RAC2,-2.887908884
HLA-DQB1,-2.889784131
NEDD4,-2.890768427
SAMD9,-2.892222708
NFAM1,-2.893262303
SRM,-2.894803103
C1RL-AS1,-2.897114975
TRAPPC12,-2.897459816
ARG2,-2.898479185
ABRACL,-2.898840001
GDPD5,-2.901564363
CKAP2,-2.904180004
GTF2H2C,-2.905287618
FKTN,-2.907060561
MFN2,-2.907692676
GABARAP,-2.90951575
ACTR10,-2.909571263
ARF3,-2.909886212
SMIM29,-2.910892557
FCHSD1,-2.911195795
DEF8,-2.91219833
RBMXL1,-2.91221941
LEPROTL1,-2.914734305
ATP6V1H,-2.915538465
RACGAP1,-2.916077435
WDR75,-2.917387275
PEPD,-2.919134828
EPHX1,-2.921580832
CHST12,-2.922946656
XPR1,-2.923231261
VWA8,-2.926540675
LAMB3,-2.927230327
TMEM106B,-2.927251937
TP53,-2.928220863
ATAD1,-2.931692967
LARS1,-2.932893163
UST,-2.933614692
FAM131A,-2.9356684
OSCAR,-2.935788466
PLD1,-2.936434943
GTF3C2,-2.938251163
SYVN1,-2.938627751
TXNDC12,-2.942420839
SEC13,-2.947002219
CHROMR,-2.950210806
UBXN11,-2.950316144
PRDX6-AS1,-2.95047129
PGM2L1,-2.953889196
MNAT1,-2.954213269
MYO5A,-2.956383622
ADAMTSL4,-2.956396084
SLC35C2,-2.957106152
RRP15,-2.959120889
CMAHP,-2.959278208
LSM7,-2.959963747
HS1BP3,-2.960334459
KNOP1,-2.960692615
NLRP1,-2.961350669
NAPRT,-2.961849744
CTNND1,-2.96259843
UTP6,-2.963415066
PRELID1P6,-2.964066915
ATP2B4,-2.964443998
SLC66A1,-2.965433967
RAP1A,-2.966478524
RPS6KA4,-2.966659975
SIGLEC10,-2.967227592
ANKRD44,-2.967584081
RPUSD3,-2.968302231
PSMB3,-2.968561427
SIRPB1,-2.968996337
MTFR1,-2.971577834
ZNF829,-2.97598427
TCAIM,-2.978051515
SRGAP2,-2.978341622
RUFY1,-2.980292952
KLHL2,-2.981984014
B3GNT5,-2.982718726
NRP1,-2.986203008
TRABD,-2.987921879
PMVK,-2.988807705
FCSK,-2.991439464
RHOBTB2,-2.992988638
CD9,-2.993073681
FAH,-2.993154599
RBM14,-2.994458483
C1QBP,-2.99693056
NHS,-2.997314372
ZNF276,-3.004019802
MSRB2,-3.005148574
CERS5,-3.01034355
DDX10P1,-3.01080589
MEF2C,-3.012248752
CD99P1,-3.013300964
HNMT,-3.013507677
GHDC,-3.013907555
SLC9A6,-3.014368745
RAB10,-3.015245374
ZNF700,-3.016715434
KATNB1,-3.01866517
SLC27A4,-3.020583734
TMEM165,-3.021996859
LINC00963,-3.025132321
CCL18,-3.026571847
CXCL2,-3.029498814
TRIM37,-3.031959343
HMGCR,-3.032947095
HCFC2,-3.034200167
FAM157A,-3.035371369
CHORDC1,-3.042579876
ALG8,-3.046541228
TPK1,-3.047351699
HSPA5,-3.047417818
CORO1B,-3.048035957
PRR11,-3.048165809
LARS2,-3.051393889
WAC-AS1,-3.052579133
TCHP,-3.052603232
CORO1C,-3.053218324
CEP131,-3.056874703
IRAK3,-3.063588995
CCDC18,-3.066411684
CKLF,-3.067561023
TERF1,-3.071355323
GTF3C6,-3.072384491
MPV17L2,-3.083604176
ITFG2,-3.083659781
FICD,-3.088920227
USP35,-3.09035759
DRAM2,-3.094478234
SRGAP2C,-3.096343963
DPP3,-3.101242851
ELOB,-3.101571967
IQCE,-3.101632848
TMEM19,-3.103922934
SIRPA,-3.106105964
GTF2F2,-3.106341092
MED8,-3.1080867
MXD4,-3.10897719
C9orf72,-3.109580066
TRIM44,-3.117750419
ALG6,-3.119276799
PLPP5,-3.120322528
NCLN,-3.122153455
CFAP410,-3.122561227
PIGW,-3.122737516
STK38,-3.123831208
SMCO4,-3.126816656
NSL1,-3.128895929
FAF1,-3.130075892
SNAP29,-3.130414802
GAA,-3.131224065
TUBB,-3.131471787
P2RY2,-3.134431264
SLC39A13,-3.135638516
SGK3,-3.13630109
DNAJC17,-3.136340096
CLPB,-3.13742802
HIGD1A,-3.137599685
SELENON,-3.138825565
ARHGEF12,-3.139995441
SNX10,-3.140284689
DMXL2,-3.140968073
KIAA0586,-3.141770897
ACAT2,-3.144002731
RHBDD3,-3.146940096
MIF4GD,-3.150131388
ZNF195,-3.153111058
FGD3,-3.154490373
PRNP,-3.156652313
PLCL1,-3.157373425
B3GALNT1,-3.159034579
ATP13A2,-3.160848576
GK5,-3.160966272
RBM47,-3.163381578
ADCK1,-3.164924768
CSF1R,-3.165016196
LIPA,-3.167472699
HMGN5,-3.172683229
CAPRIN2,-3.173777689
TFEB,-3.176730988
CASP10,-3.17740402
DHX57,-3.17763946
EOGT,-3.179341304
GOT1,-3.180563894
CEP290,-3.182336395
CLECL1,-3.18398916
ENDOD1,-3.189766332
CDR2,-3.190398708
HEBP1,-3.191651818
POU2F2,-3.193435791
DNASE1L1,-3.19439586
MAT2A,-3.19486198
MAN2B2,-3.19557869
ETNK1,-3.199914244
TGFBR2,-3.199929805
VPS11,-3.202630081
C11orf80,-3.205292319
AKAP11,-3.205862571
HPF1,-3.205992477
DPH6,-3.207477746
MPP7,-3.207670156
PRKAG2-AS2,-3.208199216
ATP6V1A,-3.213726356
CAPN2,-3.215147538
UCK2,-3.216360569
NAE1,-3.216418791
ISOC2,-3.21746946
SRPRB,-3.217679756
NECTIN1,-3.218398295
UTP20,-3.218560835
TIMM23,-3.218716164
SCYL2,-3.221633275
ATG2B,-3.222401289
NCK1,-3.222921826
ZNF561,-3.227912495
DENND11,-3.230808278
MRPL48,-3.231060607
AHCY,-3.231412858
HCCS,-3.232093651
KCNE3,-3.232097962
NUDT16-DT,-3.233503804
PLEKHG3,-3.239822631
IDUA,-3.243164532
AATBC,-3.243448164
EMB,-3.243600383
EIF4G1,-3.24414477
DHRS7B,-3.245069
DBF4,-3.245423327
WASH6P,-3.245786843
RNF14,-3.246057978
FOS,-3.247305591
TMBIM4,-3.251498234
CNPY3,-3.252252111
PTDSS1,-3.253700881
LRRC25,-3.254117814
ZNF106,-3.254278843
POC5,-3.256475915
IFT74,-3.261281692
KDELR2,-3.262032315
TFEC,-3.263597357
MTERF1,-3.265624984
MGA,-3.265719207
TOP3B,-3.271315227
GSTM4,-3.273320702
SGSH,-3.273958889
COMMD9,-3.276131199
MAST2,-3.278280244
NUS1P1,-3.279096074
RUVBL1,-3.279639087
CASTOR2,-3.281195403
TRMT5,-3.28199334
GTF2H2B,-3.28310886
ADIPOR1,-3.283242713
ASPHD2,-3.283254834
DCLRE1B,-3.283518332
LETM1,-3.284437505
COMT,-3.289147042
ACTR2,-3.28991933
ATE1,-3.290332583
STAC3,-3.291575352
EXT2,-3.29440094
SHISA5,-3.295020718
MCM3,-3.295929852
TUBB2A,-3.29748477
PRELID1,-3.298876549
COQ10B,-3.301567072
CCDC170,-3.301681394
SIGLEC9,-3.30184709
SLC38A9,-3.302860524
MAP3K12,-3.305787822
EEF2K,-3.306027887
ERLEC1,-3.307297879
AKIP1,-3.308560889
SNX5,-3.309208783
ATP6AP2,-3.310477213
PTPN18,-3.311255304
TMED3,-3.311749221
SOBP,-3.312393582
SCARB2,-3.312637523
GPR68,-3.315059992
LDLRAD3,-3.316744881
SPRING1,-3.317361765
RGS12,-3.318458062
LINC00654,-3.319996461
TAF4,-3.323263589
HIBADH,-3.324327896
CD47,-3.324485119
PHLDA2,-3.324696365
FEM1A,-3.324911284
SEC22B,-3.326652288
GTF2H2,-3.327675018
PAK1,-3.328439162
KLF7,-3.328613484
SRFBP1,-3.32868898
PPIL1,-3.331282664
NOP56,-3.331960579
E2F3,-3.332517398
NAPA,-3.333932592
HEXB,-3.334270322
EFNB1,-3.337370179
PRXL2B,-3.339559816
ENTPD4,-3.34028025
AFF1,-3.341230633
TMTC3,-3.342911953
SIGLEC1,-3.344686965
RTL5,-3.345141173
NHSL1,-3.345399954
QRSL1,-3.347133675
KBTBD8,-3.347462474
HSD17B12,-3.350834147
PIGN,-3.352269693
MANEA,-3.352323577
CTSZ,-3.354478606
TBC1D30,-3.355108207
ATIC,-3.355680165
LINC00937,-3.360685486
CALU,-3.361214278
PREX1,-3.362226319
NOL11,-3.369478296
CASKIN2,-3.369853126
OXNAD1,-3.370107233
ATP5PB,-3.370763184
LYN,-3.374273434
ANXA2R-AS1,-3.374436346
PNPLA1,-3.377348126
P2RX1,-3.380836481
CRELD2,-3.381864253
LAMP2,-3.382121082
RBM38,-3.382506783
FGD2,-3.384844267
ZBED4,-3.384997899
TMED2,-3.385143383
KIAA1522,-3.386147371
RHNO1,-3.386503846
PKIB,-3.386867837
KCNK13,-3.387534761
ATP6V1D,-3.387906275
TFE3,-3.388171403
H1-5,-3.389914828
SPATS2L,-3.395633001
TM2D1,-3.400444764
CECR2,-3.401344362
TNFRSF4,-3.403243846
STRADA,-3.404167552
TBC1D2,-3.407465022
FOCAD,-3.407882752
LITAF,-3.408248007
SRGAP2B,-3.409328095
CDC40,-3.413025437
DNAH1,-3.415186359
TNRC6C,-3.416528727
BAG4,-3.417847247
LACTB2,-3.421177221
ATP13A1,-3.421457121
ABCD3,-3.42531728
CTSS,-3.42632553
SLC12A5-AS1,-3.427451594
SH3TC1,-3.429304172
PRDX1,-3.430643267
PNKP,-3.431020184
SULT1A1,-3.431659423
CD40,-3.431757208
SLC9A7P1,-3.432057703
UTP11,-3.433116501
FLI1,-3.434450451
MTMR2,-3.434762332
CPSF3,-3.437234406
TMEM201,-3.437367042
VNN1,-3.438489165
CBX6,-3.440454382
RNASEL,-3.442076648
MTOR,-3.446641981
BOP1,-3.446826092
MCM3AP,-3.447397401
INPP5B,-3.448103665
CIITA,-3.448168135
ELOVL1,-3.448236344
GCNT1,-3.448313977
TMEM192,-3.448846545
PGGT1B,-3.452795154
MERTK,-3.453679826
DELE1,-3.453744459
G6PC3,-3.454857904
NMNAT3,-3.456463362
SNX32,-3.458827487
TRIM13,-3.458841003
PPM1M,-3.46302188
PHETA1,-3.463508712
GBGT1,-3.464477665
FRG1,-3.470691475
FAM20A,-3.475737688
FKBP1A,-3.47577739
DAPK1,-3.476556388
CDA,-3.480249152
ARSA,-3.481114469
APH1A,-3.484996457
MICAL1,-3.485215827
DTX4,-3.485831148
FASN,-3.490197134
HSD17B14,-3.491567445
PARP1,-3.493099688
DNAJB5,-3.495368227
H3-3A,-3.49558979
SLC26A11,-3.498980404
C1orf54,-3.499872514
ALDH16A1,-3.507091286
GNB2,-3.51215468
POTEI,-3.513759267
CD63,-3.513937514
S100A4,-3.514170618
TOR1AIP1,-3.516035087
HTR7,-3.51607634
HLA-DQA2,-3.518329603
NDUFAB1,-3.519029496
TLR8,-3.523375905
MAFB,-3.523379662
TGFA,-3.524103881
MBTPS2,-3.524632181
DHRS12,-3.524822401
TNK2,-3.525746682
CR1,-3.528070214
UQCC2,-3.529737264
DLEU1,-3.532672904
AP2S1,-3.532872715
FLCN,-3.536924339
COMMD4,-3.542783003
ABHD3,-3.544709325
TK2,-3.545154803
ZWILCH,-3.545583944
FMN1,-3.545709523
ENOPH1,-3.552781425
ZNF552,-3.552843311
PRSS36,-3.553085321
TUBAP2,-3.553128862
LPCAT3,-3.553692772
ATAD3B,-3.555388304
RDH10,-3.55590304
PHF6,-3.558203876
TRAPPC9,-3.559614021
GART,-3.562145489
RNF41,-3.563196659
XRN2,-3.564326586
SCFD2,-3.565597242
EFCAB14,-3.567109017
TPM4,-3.56959811
PLEK,-3.571411854
TMEM184C,-3.577260368
PLPP3,-3.581105913
ACAT1,-3.582905256
VPS35,-3.583321395
CD38,-3.587282272
LRRC29,-3.587608691
VPS36,-3.5877136
TMEM150A,-3.59014948
RMDN1,-3.591461468
MAP3K3,-3.592182032
NCKAP1L,-3.593775964
ACTB,-3.595158851
SGMS2,-3.595531893
N6AMT1,-3.600402903
DOLK,-3.600533108
ZNF407,-3.603761788
TM9SF3,-3.604646076
PLEKHG2,-3.607892746
AGPAT3,-3.6111871
SNRK,-3.612605474
SFXN5,-3.613205076
CHUK,-3.614089926
IRAK1,-3.614439605
CMTM7,-3.616092356
SORBS3,-3.617313036
ZCCHC24,-3.617960193
DHX33,-3.618897721
DGKH,-3.620214204
SNTB2,-3.626799766
EGR2,-3.627897365
NMD3,-3.63305245
SLC12A7,-3.641554719
ALG3,-3.6434299
TANGO6,-3.645685679
PIGT,-3.646811844
FAM91A1,-3.647783819
ACSL3,-3.648057797
MBOAT1,-3.648355838
POTEJ,-3.649261686
HMOX2,-3.655851049
DRAM1,-3.655936431
ACAP2,-3.656722012
ZDHHC14,-3.658074419
FRAT2,-3.662540283
SMARCB1,-3.662874058
CMTM6,-3.668642063
YTHDC2,-3.669010695
PLK3,-3.669134872
PAPSS1,-3.670387878
NECTIN2,-3.671964674
EIF4E3,-3.674219141
KIF16B,-3.674545891
POLR3A,-3.676753347
PLA2G15,-3.678339881
ORAI1,-3.678951006
SPPL2A,-3.680506045
AFDN,-3.683646414
UBE2D1,-3.685185976
CALM2,-3.687823916
SPTBN5,-3.690851825
INTS9,-3.691268101
WWP2,-3.692438122
RAB28,-3.694284289
RFK,-3.700285025
CLTC,-3.700826174
SERAC1,-3.70565386
COG2,-3.705767032
MARVELD1,-3.708733135
LMF2,-3.709521313
ERI1,-3.710396187
NDUFB2,-3.712103462
RIMOC1,-3.713161721
SLC1A5,-3.71424807
RRP12,-3.714604318
HEATR3,-3.716530124
ATP6AP1,-3.719107504
GPR65,-3.721516093
RBBP8,-3.726371174
LIMK1,-3.734041193
C1orf216,-3.735235186
TSHZ3,-3.741158503
CYFIP1,-3.741223522
MSRA,-3.742304147
TM9SF2,-3.743548368
ATF6,-3.744485343
ACOX1,-3.745659861
SLC12A2-DT,-3.753787692
FARSB,-3.755679187
SLIRP,-3.755943952
PDE4DIP,-3.757570733
CRISPLD2,-3.757759132
PHF20,-3.75826883
SETX,-3.766794373
LMAN2,-3.769790873
CFL1,-3.773709646
NDRG2,-3.775921668
ETHE1,-3.777693951
PRKAA1,-3.777959347
ALDH3B1,-3.786080213
C2CD2L,-3.78968273
ICMT,-3.790025737
CLEC6A,-3.791573802
HSF2,-3.796093934
SLC39A3,-3.796870306
SPI1,-3.804971754
CD2AP,-3.805880282
KIAA0513,-3.81060581
FAM157B,-3.811157429
PRKDC,-3.811704564
OAF,-3.813110709
HNRNPA2B1,-3.817208989
DLC1,-3.818539002
DGLUCY,-3.818704605
SELENOT,-3.81904598
ZNF100,-3.822791561
UXS1,-3.823845062
BBS4,-3.826124687
PWWP3A,-3.826292735
ABR,-3.826621218
NEU1,-3.829497137
ZNF467,-3.831204899
FAM118B,-3.838273446
ATAD3A,-3.838499045
DCXR,-3.839423444
C1orf122,-3.841968797
VPS41,-3.847339036
STIM1,-3.847966136
JUP,-3.847978722
ELP4,-3.849445894
ATM,-3.849792388
CISD3,-3.854174701
ZFYVE26,-3.860083391
TMEM65,-3.861626636
DOCK1,-3.862454166
AP5S1,-3.86336677
LRRC8D,-3.863569795
TRIB3,-3.865464696
MAP4K2,-3.868395247
ARAP3,-3.871579416
GSTCD,-3.87298156
NCOA4,-3.873028591
ALS2,-3.873087111
XBP1,-3.875063997
SEPTIN10,-3.875432039
POLE4,-3.876735325
UVRAG,-3.877365698
PSMC2,-3.885207993
LPL,-3.886872014
PRKCH,-3.887204614
LILRA2,-3.892937194
PUF60,-3.893174866
ATP2A2,-3.894861403
ANO8,-3.902726699
CYTH4,-3.903916645
CRTC3,-3.90414411
TMEM218,-3.910448726
DLG5,-3.910701028
NLK,-3.913403832
SUN2,-3.91375664
MCM6,-3.916445206
RCC2,-3.917410618
AMD1,-3.918246881
TSPO,-3.919677857
ZHX3,-3.919777649
VEZF1,-3.921605557
SLC25A44,-3.926652365
HERC2P9,-3.927117105
DOCK11,-3.928508216
IFT27,-3.929450617
UNC13B,-3.930033635
ADGRE4P,-3.931830446
MFAP3,-3.932528744
LRRC8B,-3.934444013
NOD1,-3.94006677
ATP13A3,-3.940253646
POTEE,-3.942941937
LRMDA,-3.943695622
VPS35L,-3.944829489
TLR5,-3.945721685
REEP5,-3.952794864
MCOLN2,-3.956198516
GRN,-3.969588024
LEPROT,-3.970175695
FCER2,-3.972632452
UBIAD1,-3.972858584
GCH1,-3.977587064
MS4A4A,-3.98077208
FPR3,-3.981783358
IL3RA,-3.983547638
RNASE6,-3.984297064
ESR1,-3.987233761
COMMD10,-3.988191729
VSIG4,-3.988276352
RIPK3,-3.994105783
DUSP6,-3.997437939
ALG1,-3.998663561
TMEM109,-3.999079021
SEC61A1,-3.999093671
LONRF3,-4.001315753
SECISBP2,-4.001775716
ZNF780A,-4.003463041
MAPK14,-4.00802766
ZDHHC2,-4.008137496
ME2,-4.00915758
TPM1,-4.010461016
LYPD3,-4.010527128
MRC2,-4.010598476
PSME4,-4.011868175
CBFA2T3,-4.011900639
FAM3C,-4.012762572
ARHGAP26,-4.01368911
INTS8,-4.017211877
SLC35F2,-4.018823616
ACSS2,-4.019994393
BTF3L4,-4.025417568
NAA60,-4.030764657
NUDT5,-4.038809138
MDM4,-4.04065255
CSTF2,-4.041440459
MCRS1,-4.042569214
PUM3,-4.044411323
TNF,-4.050706425
ELOVL5,-4.051423106
CHMP2B,-4.055328749
ADI1,-4.059967275
TREML2,-4.060940319
TRAK2,-4.068879729
PRKACB,-4.069525577
SLC19A1,-4.076570707
DHRS7,-4.076798306
PVT1,-4.079082741
PCYT1A,-4.079127816
FAM111A,-4.080331367
DNASE2,-4.091748857
CCL5,-4.09318504
USP32,-4.096782695
FUT8,-4.098646462
ZNF438,-4.099268374
CALHM2,-4.103114035
FJX1,-4.107500941
MPRIP,-4.111649886
ATG3,-4.113311771
CCR5,-4.113918061
HEXA,-4.11436601
CKAP5,-4.115463379
VSIR,-4.118165207
MPEG1,-4.118430753
YIPF2,-4.119510252
RCBTB2,-4.135301191
PLCG2,-4.136764362
TMEM33,-4.144547609
GCNT2,-4.146878789
GM2A,-4.147017372
MACF1,-4.147318055
PDIK1L,-4.147463087
CSK,-4.148477235
ABL1,-4.1539075
TNFRSF10A,-4.157310102
PRPS1,-4.158445975
VASH1,-4.158913746
IL4R,-4.159359614
PDP1,-4.161732228
FCHO2,-4.16868144
PXN,-4.170795181
ZNF573,-4.170854344
SGPL1,-4.173292191
PI4KA,-4.174043607
NSUN4,-4.174639177
LILRB1,-4.177054333
S100A11,-4.184655131
BLVRA,-4.187216069
LTV1,-4.188363002
FOXRED2,-4.193722876
SLC2A8,-4.198230625
MILR1,-4.200136871
TMTC4,-4.206553457
SUSD6,-4.208138315
SLC25A12,-4.212746758
PLXND1,-4.212950863
FLOT1,-4.215636426
ATP6V0C,-4.215731621
DDX39A,-4.218274055
NDUFS1,-4.219259297
SHKBP1,-4.224022014
GNB4,-4.225245994
IDH1,-4.226319298
PAXX,-4.226515126
PLXDC2,-4.228903075
OSGEP,-4.233528145
CXCL1,-4.234779457
NARS1,-4.235867972
HTT,-4.237409123
GPATCH4,-4.24081054
RUSC2,-4.242156959
IFNGR1,-4.244004179
HERC2P2,-4.245793708
EVI5,-4.245794509
NCSTN,-4.250224947
TTC13,-4.250962556
PLSCR1,-4.251881905
APEH,-4.253052809
CHCHD7,-4.254150386
ST3GAL5,-4.258560908
ANAPC15,-4.260129355
PLEKHM1,-4.266782254
HM13,-4.268610212
PROS1,-4.269738749
ARSB,-4.272643142
MSL3,-4.272819182
DUSP7,-4.27670743
CSRP1,-4.27939076
KIF1C,-4.285238076
RASGRP4,-4.285577718
UBE2D4,-4.287654659
EMILIN2,-4.288727953
GCFC2,-4.292778756
HCST,-4.298830058
CRIM1,-4.299469728
UGGT2,-4.300276472
ELMOD2,-4.305029852
DHX8,-4.307967346
VCL,-4.308268003
NT5C2,-4.309141588
CCNH,-4.315100553
ARHGEF1,-4.318357796
C5,-4.320982999
SLC35B1,-4.321191056
SLC25A5,-4.324589134
RCBTB1,-4.325969042
MTF1,-4.326041927
CUEDC1,-4.327630414
BNIP2,-4.328198292
CD48,-4.330297972
IVNS1ABP,-4.332163046
C1S,-4.336116601
TPP1,-4.336820888
CAPZA1,-4.337354661
C12orf4,-4.338955183
AGTRAP,-4.340433571
MBNL3,-4.34108985
SNX20,-4.344268713
IPO8,-4.346319255
PACC1,-4.349411702
AP3D1,-4.350209351
ZNF252P,-4.350743296
MTAP,-4.351862046
SLC46A1,-4.354654692
STX7,-4.357438394
NPTN,-4.359645066
SMG9,-4.362098333
EVA1B,-4.363589832
VMP1,-4.365083149
PIGK,-4.368677818
UTP18,-4.369043123
SIRT2,-4.373992942
ITSN1,-4.374803095
PARP9,-4.374813038
NDRG3,-4.376145265
TBXAS1,-4.377115118
WASHC5,-4.383411361
MLXIP,-4.384732171
NPC2,-4.388268218
ANKRD13D,-4.389889366
DDX21,-4.390285548
TBC1D2B,-4.392260564
COA7,-4.39316834
RNF125,-4.395312811
MARS1,-4.401896209
HSD3B7,-4.403265025
ZMPSTE24,-4.40793238
CPNE8,-4.408793168
ARHGAP30,-4.413905917
ARHGEF6,-4.419471681
CD44,-4.419792968
BATF,-4.422106107
ATP1A1,-4.423565958
NDUFV2,-4.424018314
STX3,-4.42459611
GFOD1,-4.425175483
C20orf27,-4.435211339
MAF,-4.436661859
YIF1B,-4.439463588
TRAPPC8,-4.440887368
SKI,-4.441647888
ADCY3,-4.44166163
LTBR,-4.443656432
HMBS,-4.449178933
ST3GAL2,-4.453588757
CD81,-4.454249077
MPPE1,-4.458478512
ATP6V0D1,-4.461929878
RBMS1,-4.463137275
ASPSCR1,-4.465642243
CTSB,-4.466370334
RIMBP3C,-4.467443609
VARS1,-4.47153135
RASAL3,-4.476271595
GASK1B-AS1,-4.477045775
DENND4B,-4.478207321
WDR81,-4.483345958
NLN,-4.485184272
HTR7P1,-4.489336731
ARPC1B,-4.492160421
OPHN1,-4.496391763
YWHAB,-4.502783171
EDEM2,-4.509474484
POLR1A,-4.512087362
NCF4,-4.512437781
POLR3B,-4.513255725
SETDB2,-4.513270746
GNG10,-4.516547563
LOXL3,-4.518639934
GIMAP7,-4.52256069
RIN2,-4.529125059
IL7R,-4.52975516
SIGMAR1,-4.529810091
HSPA4,-4.532388108
LNCATV,-4.55079477
WDR1,-4.559562801
EHD1,-4.56138451
ARHGAP31,-4.562514356
CLTA,-4.567029455
VPS9D1,-4.571085896
STARD8,-4.57139908
ACTR1A,-4.575461589
MRPL3,-4.576493361
SUFU,-4.583100714
CDS1,-4.58328846
DENND2D,-4.592067394
LAMTOR1,-4.592720747
LRCH1,-4.598161672
DOK1,-4.600913929
HERC2,-4.601182732
TTC39B,-4.602264398
SH3BGRL3,-4.605439554
DENND1C,-4.608459592
CD36,-4.609178462
CARMIL1,-4.612019726
SLC11A2,-4.613309254
CTNS,-4.618325696
SCARF1,-4.61950429
ABCC5,-4.620171308
CD226,-4.620469165
DPYD,-4.622893317
RAP1GAP2,-4.62498884
PDP2,-4.626491761
SYNJ1,-4.628981335
ZNF710,-4.631711308
MPV17,-4.633655112
VPS53,-4.646256373
THBD,-4.647331734
TACC3,-4.659815247
MAPRE3,-4.660947942
ARMT1,-4.661132971
UBAC1,-4.664394248
DISC1,-4.672392437
KCNMB1,-4.674414471
FKBP15,-4.675600452
RIMBP3B,-4.678426074
NLRP12,-4.679486779
HERC2P3,-4.679793059
HLA-DRB6,-4.686330314
SPSB2,-4.69109053
C19orf38,-4.698408983
TLR6,-4.701012833
TSPAN4,-4.703305977
CPAMD8,-4.704162164
MAN2B1,-4.706035779
VWA5A,-4.711180696
GOT2,-4.712684435
RASA4B,-4.714213289
MRPL52,-4.717423721
EDEM3,-4.723557826
BST1,-4.724416201
NAGLU,-4.72443926
BTK,-4.731430047
PIKFYVE,-4.731679889
MARK2,-4.734174697
TMEM86A,-4.735420006
SH3PXD2B,-4.737430669
MGME1,-4.738908656
C4orf33,-4.740634003
WFS1,-4.743400337
TMPPE,-4.750837534
APPL2,-4.753044887
DAGLA,-4.758363702
EIF4G3,-4.762266925
ARHGEF40,-4.764443287
ANXA2P2,-4.764705443
PPA2,-4.766098492
RENBP,-4.773016527
BLZF1,-4.778649723
DYSF,-4.783295552
SLC39A8,-4.787167547
CSF2RB,-4.788990349
TMEM236,-4.790509316
DNAJB11,-4.794715281
WAS,-4.796943974
TMEM35B,-4.797307491
TLR1,-4.798875985
FPR2,-4.806022229
STAT1,-4.807130763
FUCA2,-4.817069809
CASP1,-4.821751767
PAQR4,-4.824566833
DHRS4-AS1,-4.82547784
FLVCR2,-4.82823064
NOL6,-4.839018709
ADAM9,-4.843937003
ACP2,-4.844061065
BMP2K,-4.845110991
ATP2A3,-4.847017688
NLRP2,-4.850484697
KIF3C,-4.858463782
CARD8,-4.860139068
ADCK2,-4.864276758
STAM2,-4.864293753
SLFN11,-4.86946324
MSN,-4.872416373
ABCB8,-4.873400136
CAPN1,-4.887282172
LDLRAD4,-4.890329342
LILRA1,-4.893909728
NLRC4,-4.897381806
SRF,-4.899911205
TECPR1,-4.902084834
TRIM47,-4.902212323
SSR1,-4.903995655
LST1,-4.90506595
GNPDA1,-4.905184337
USP6NL,-4.907539345
TNIK,-4.908460644
ADAM15,-4.909911182
INPP4A,-4.913942045
NQO1,-4.914941098
TRG-AS1,-4.930130697
HNRNPLL,-4.932675018
NPL,-4.932941609
GFM1,-4.936246938
ANXA11,-4.945754749
CHI3L1,-4.946918365
NUDT16,-4.947937424
TMEM273,-4.950800405
TIMP2,-4.951844454
GALNT10,-4.954854516
IL17RA,-4.958735554
CEPT1,-4.959320201
TM7SF3,-4.962612445
MIR3945HG,-4.96334046
STOM,-4.964567521
OSBPL5,-4.967163707
FRMD4A,-4.982288878
GBP1,-4.982523688
RIOX2,-4.990006285
PRCP,-4.993804179
PSMD1,-4.995073668
ARPC3,-4.996301479
CLTB,-5.000582951
SLC46A3,-5.001994181
DNPH1,-5.004865999
PRKCD,-5.006359392
ATP6V0B,-5.022541653
GJB2,-5.024917797
EVI5L,-5.025356685
ANXA2,-5.035990356
MYOF,-5.037584426
KIAA0100,-5.04209106
CAMK2G,-5.045098827
GIMAP6,-5.055203843
FAR1,-5.055669737
S1PR2,-5.056351412
KCNJ2,-5.058691599
MAN1C1,-5.066395365
ELK3,-5.072855715
GOLM1,-5.079190909
GGTA1,-5.080644285
GATA3,-5.081693182
RASGRP1,-5.08869186
TUBA1C,-5.088978828
PARP12,-5.091076428
HEG1,-5.093123988
TMEM104,-5.093725471
RASA4,-5.09573684
TRAF3IP3,-5.097754223
GPCPD1,-5.098721002
GSS,-5.101432137
ARPC5,-5.102158165
RIPOR1,-5.11155301
MFSD14B,-5.114583684
CHI3L2,-5.123585275
PAQR8,-5.124215925
FKBP4,-5.124897575
CYB5B,-5.131915354
SELPLG,-5.132212237
PIP4P2,-5.141109874
POLK,-5.141808933
HRH1,-5.143219844
MARCHF2,-5.150746134
C1orf162,-5.163571712
ADAMTS14,-5.164734812
ERLIN2,-5.167506281
C3AR1,-5.170405718
RRS1,-5.176737033
LY86,-5.177018369
MMP14,-5.180174502
CAPZA2,-5.180875201
SLC7A8,-5.187874509
CLIC1,-5.191341512
SEC24D,-5.191942495
GALM,-5.192259107
MYL12A,-5.200312137
ALPK1,-5.201838809
ATP2C1,-5.202413878
NUDT3,-5.202829217
ERCC1,-5.228156726
CDH23,-5.24727673
NHLRC3,-5.247921908
GYG1,-5.254813688
SNX29,-5.255281309
TXLNB,-5.25889736
CCR1,-5.269091682
IRAG2,-5.279676939
DPY19L1,-5.284568552
RBMS2,-5.29515487
MLKL,-5.299627901
DOP1B,-5.303678642
HSPH1,-5.309598568
EML4,-5.324425884
SLC29A3,-5.324818914
CPM,-5.325834243
FCGRT,-5.331776648
AKAP9,-5.33241145
RPS2P44,-5.335183308
MRPL4,-5.34397663
CRYL1,-5.344622103
CRYBG1,-5.350252853
SLC7A6,-5.361219023
LRP10,-5.363110703
CYP4V2,-5.365601533
TGM2,-5.36639863
CLCN5,-5.366958525
MAPKAPK3,-5.372775587
CACUL1,-5.374363008
TMEM175,-5.379370458
ARHGEF11,-5.38514608
SDF2L1,-5.385568609
MAP2K6,-5.388727926
ARHGDIB,-5.389430678
TTC7B,-5.396772365
ACP3,-5.401662045
INPPL1,-5.40366718
MCUR1,-5.405984978
UTRN,-5.406949735
PNP,-5.409906235
MAPKAPK2,-5.420999935
TMEM45B,-5.421045535
IDE,-5.425113341
CD1E,-5.429698219
SLC45A4,-5.432484651
FGL2,-5.433899519
BAIAP2-DT,-5.434409909
SCLY,-5.440937439
GIPC1,-5.441736274
HACD2,-5.445098727
TTYH3,-5.46014578
ITGB5,-5.472949353
TRAM2,-5.474557952
ADGRE2,-5.479252458
RIMBP3,-5.483884376
GPAT3,-5.486947611
KCTD5,-5.502791512
ECHDC1,-5.505844657
GPR141,-5.508326674
VAMP4,-5.521612946
ARL11,-5.52362951
STX12,-5.528239397
DCLRE1C,-5.528363509
TNS3,-5.529455046
WDR7,-5.538664189
SEC11C,-5.544726803
RGS18,-5.54690384
SIGLEC7,-5.552535807
TMEM9B,-5.553954688
GNPTAB,-5.558951846
SIGLEC14,-5.558986381
TNFRSF1A,-5.560551047
PPP5C,-5.567127188
CD1C,-5.571712659
CNTRL,-5.573203121
RAB32,-5.583538282
SLFN5,-5.584121142
CD300LF,-5.590596164
APBA1,-5.592176397
S100B,-5.595068155
ARHGAP1,-5.596830266
RHOBTB3,-5.605413806
LBR,-5.616062637
RABEP1,-5.619215353
HYAL2,-5.62519056
IL16,-5.625287102
SGTB,-5.637441985
PTPN7,-5.638519941
WDR11,-5.651798648
RNF166,-5.653313282
FUOM,-5.657335407
PLEKHO2,-5.680670416
MTHFD1,-5.687616818
MAPRE2,-5.689812469
FAM200B,-5.692679464
RELL1,-5.698286857
MPHOSPH6,-5.701224666
CEMIP2,-5.707644701
SLC38A7,-5.72655467
MBOAT7,-5.72902067
PLXNA2,-5.729093637
LMO2,-5.758237088
GSN,-5.758669962
NIPAL2,-5.758914709
CTSL,-5.759745711
SNX2,-5.760522923
H2AC16,-5.764901774
ACE,-5.765159659
PPFIBP2,-5.769128964
FGD4,-5.773074752
CMTM3,-5.778812516
HACD3,-5.780531468
PPM1F,-5.79047562
MICAL2,-5.79246787
RAB39A,-5.799856111
PNPO,-5.810383314
ALDH1A1,-5.811631662
SERPINB9,-5.823157674
SEMA4A,-5.823858748
TTC39C,-5.827025575
SLC22A5,-5.832214618
CNRIP1,-5.83311113
ERBIN,-5.837294598
TREM2,-5.837748409
ANKFY1,-5.841356547
DOK3,-5.848188698
PSTPIP2,-5.853360889
ARHGEF3,-5.857863858
SIGLEC5,-5.864331769
ZC3H12A,-5.866251373
SCPEP1,-5.867206846
PPARGC1B,-5.867906308
ACTG1,-5.870814904
SPTLC2,-5.874908096
CLEC4A,-5.878863143
DIP2B,-5.892246533
MCM4,-5.895266964
DIAPH2,-5.936692847
COLGALT1,-5.940755182
MAP3K5-AS2,-5.947139639
CYBB,-5.978998613
DNMT3A,-5.981283617
ATP13A3-DT,-5.98294236
EPHB2,-5.987086477
GLRX,-5.991729208
GAS2L1,-5.99999536
GDAP2,-6.016772485
PLEKHM1P1,-6.018388489
SNX8,-6.021007015
BDH1,-6.029818836
NCKAP5L,-6.030187712
NAAA,-6.04452579
HDAC9,-6.046654101
CLEC7A,-6.049221622
NCR3LG1,-6.056496029
SELENOS,-6.066490159
SP110,-6.071268339
PLA2G7,-6.073987428
PDLIM2,-6.078670795
SLC2A9,-6.086414211
SLC7A7,-6.086827656
WDFY2,-6.093101243
SERPINB8,-6.099307
SLX4,-6.101019346
JAML,-6.103613094
REEP3,-6.10726242
PEAK3,-6.113858239
PTPRC,-6.118832155
PDLIM5,-6.123742489
TRPV2,-6.129872505
TMEM150B,-6.130893471
FHOD1,-6.132800464
WDFY3,-6.137595762
GCA,-6.141807425
HBEGF,-6.144113091
FBXO6,-6.146383567
PICALM,-6.151305826
OSTM1,-6.15324511
ANO10,-6.155888638
BMERB1,-6.156161565
GNAI2,-6.172050067
TBL1XR1,-6.182114249
TUBA1B,-6.182119282
GBAP1,-6.184168524
KMO,-6.18898049
PFKFB2,-6.194927865
HAVCR2,-6.209300891
C2CD5,-6.219808457
OSBPL11,-6.227653622
LMNA,-6.234392655
FGD6,-6.237600062
FRMD4B,-6.255075285
MIRLET7IHG,-6.267217437
SEPTIN8,-6.27833805
ARRB1,-6.281616029
SGPP1,-6.314561053
ABCA6,-6.316217302
MOB3B,-6.319955871
TRPM2,-6.326902167
PRKACA,-6.341332163
CNN2,-6.34548556
TGFBI,-6.357001185
UBASH3B,-6.369614049
PDSS1,-6.383322678
KIFC3,-6.394660188
STAC,-6.399140793
ENTPD1,-6.407469503
ZYX,-6.409369463
TDRKH,-6.415908962
SLC39A11,-6.429349323
HIVEP3,-6.430606833
CYB5R1,-6.437278882
CPED1,-6.445055293
FCER1G,-6.448724485
SH3BP2,-6.45761259
TGFB1,-6.465449428
LCP1,-6.466956948
SEPTIN11,-6.472909068
EYA3,-6.480156948
CTPS1,-6.483146195
LIMD2,-6.495441016
TACC1,-6.506626694
CYP2S1,-6.507538867
SMURF2,-6.508222261
SERPINA1,-6.515789017
GMFG,-6.515936003
SLAMF8,-6.523828301
FGD5,-6.52393649
TLR4,-6.530948465
IFI16,-6.559386679
FHL3,-6.562377499
CDC42EP3,-6.56577384
PRKCB,-6.581392664
PARVG,-6.588936885
PTGS1,-6.591319535
INPP5D,-6.597485074
CCDC102B,-6.600776781
SLC26A2,-6.609532419
FAM78A,-6.619621854
MYCL,-6.627982979
ITGAM,-6.635071923
ATG7,-6.653023202
CPPED1,-6.657444879
S100A12,-6.659396485
MTMR10,-6.662918339
LILRA5,-6.663757784
IL27RA,-6.671038455
SASH1,-6.673262734
PPIP5K2,-6.678187006
TCF4,-6.679968452
GADD45G,-6.694674106
PRAM1,-6.695536548
KCTD12,-6.697809525
CD37,-6.700296199
ID3,-6.703676888
TMEM121B,-6.704000211
CD14,-6.704576303
COTL1,-6.710366521
SLC35F6,-6.715314479
EXOC6,-6.715815492
GGT5,-6.718995714
TM6SF1,-6.720196531
GAS7,-6.721932388
ADGRE1,-6.729500748
MCOLN1,-6.742802612
GLMP,-6.744218275
SLC25A40,-6.744966975
DDX58,-6.759650634
HHEX,-6.764066082
MTFMT,-6.774807243
SIPA1L3,-6.777575527
NBR1,-6.78509928
N4BP1,-6.785936348
SNAP23,-6.788081623
SNCA,-6.797257317
SLC12A9,-6.811518506
SLC30A1,-6.826957473
ARHGAP17,-6.83770381
LIMK2,-6.837845779
RGS19,-6.843433508
ADGRE5,-6.878603022
PXDC1,-6.889624162
ABCB4,-6.907194587
UCP2,-6.913500443
DOK2,-6.913770072
TPMT,-6.913898972
CFH,-6.914505085
NPC1,-6.92568628
IFFO1,-6.935491019
ACSL1,-6.937948426
ASRGL1,-6.950587361
GAS2L3,-6.955293663
GIMAP4,-6.971626626
PPT1,-6.98391404
MRC1,-6.991770321
TNIP3,-7.004333226
CD93,-7.00799559
DHRS4,-7.009284016
PLXNA1,-7.009320061
DNM2,-7.011560303
NOTCH1,-7.01492672
APOL4,-7.031273659
ALOX5AP,-7.03592579
MMP9,-7.051223749
MOB3C,-7.054323895
PNPLA6,-7.067961125
AKR1A1,-7.071300056
GIMAP8,-7.079700593
SCAMP2,-7.080059919
PHTF2,-7.13253024
MNDA,-7.143058564
LHFPL2,-7.149970936
TTL,-7.157011435
FCMR,-7.168427685
IKBKE,-7.173903898
C1RL,-7.198808262
STAB1,-7.206896899
CCL3,-7.210358997
USB1,-7.233093938
IRF8,-7.279341717
TPST2,-7.280974707
C16orf54,-7.285640865
CISH,-7.295546891
GBA,-7.299304202
CCT5,-7.304993769
AOAH,-7.319239537
DAB2,-7.320030926
IL21R,-7.335713214
VAV1,-7.355612729
LILRA6,-7.36229362
ZNF641,-7.365422668
TSPAN14,-7.378303403
NCEH1,-7.403354218
MYO1E,-7.410685343
CREB3L2,-7.439321453
NECTIN4,-7.46367708
KCNN4,-7.46917611
DCAF12,-7.472591354
AATK,-7.48779753
GSAP,-7.491029753
PCK2,-7.497581105
DIAPH1,-7.499104157
CAP1,-7.509925655
GIT2,-7.525898448
FURIN,-7.526242067
MAP3K5,-7.527913076
SLC38A6,-7.53815226
SVIL,-7.549468332
CD4,-7.572002152
SCIMP,-7.576467698
MYO18A,-7.611134827
ITGAX,-7.620590553
ACTR3,-7.631186631
NFE2L3,-7.632292982
TEP1,-7.63860572
CD302,-7.672245752
NIN,-7.675317437
CHST2,-7.676473887
GALNT6,-7.69149894
MTMR14,-7.692865977
CAPG,-7.69582946
ADA2,-7.711172626
LILRB5,-7.723445573
LILRB3,-7.726865107
ITGB3,-7.753361761
KCNMA1,-7.783844448
FES,-7.812466342
HLA-DMA,-7.820768033
POLR1B,-7.828703764
CD276,-7.830990658
ARHGEF10L,-7.86015905
OLFML2B,-7.865992121
ACO1,-7.893534079
SPG21,-7.900037685
ADAM10,-7.906673605
LACC1,-7.921471393
PRKCA,-7.93971208
PPFIBP1,-7.966996527
SIGLEC15,-7.993657128
CD209,-8.016128159
LILRB2,-8.02391285
SPCS3,-8.066204338
SLC8A1,-8.070255052
PDIA4,-8.101383873
ADCY7,-8.105649277
FUCA1,-8.112478477
RTN2,-8.141835891
PLCB2,-8.152575796
GIMAP1,-8.169583577
ARHGAP27,-8.173295513
PSTPIP1,-8.182771808
LTBP2,-8.195075358
LRRC8C,-8.201719769
TNFAIP8L2,-8.20253182
OSBPL1A,-8.203967778
TNFSF12,-8.204714501
VAC14,-8.217377959
KIF21B,-8.229693796
ARHGAP4,-8.239072943
FERMT3,-8.256048355
PARM1,-8.256325295
TPCN1,-8.27969313
TRPV4,-8.280853352
CCND3,-8.290081515
CD33,-8.327369449
MKNK1,-8.357021304
ECM1,-8.363517676
ETV5,-8.372630449
GOLIM4,-8.383775732
PYCARD,-8.409381337
CCL2,-8.426615042
ATP6V0A1,-8.462135463
TAGAP,-8.485052661
HVCN1,-8.490482941
PER3,-8.552233301
DCUN1D3,-8.561341352
NAGK,-8.563556072
RGL1,-8.563578694
CORO1A,-8.569803603
DHRS4L2,-8.576740759
GPR34,-8.584657613
NAIPP1,-8.586200576
TMEM106A,-8.638735505
TAPT1,-8.642555763
EHD4,-8.737766486
ATP6V1B2,-8.783651256
FYB1,-8.822980373
SLC4A8,-8.832325984
PLAU,-8.83254502
P2RY6,-8.840132771
SLC4A7,-8.874863761
DNAJC10,-8.901818409
SKAP2,-8.905097044
VAV3,-8.932007645
TMX3,-9.018358728
SLC36A1,-9.021464924
DNMT1,-9.034208774
KCNK6,-9.037450543
MGAT4A,-9.057450091
SERINC2,-9.079363931
NAIPP3,-9.11313678
BIN2,-9.11504242
SAMHD1,-9.120780689
NRROS,-9.136763953
PROCR,-9.211334174
HSD11B1,-9.242134451
GPR84,-9.252309153
FCGR1A,-9.255508585
RGS14,-9.256721321
PLEKHA7,-9.266879137
SLC35B4,-9.307605499
LAIR1,-9.378560816
HK3,-9.405921023
YWHAH,-9.42669596
TLR2,-9.444845614
HLA-DMB,-9.479743634
SYNE1,-9.513360688
ACSL5,-9.5220098
TBC1D14,-9.545665788
PTPN6,-9.560290278
SEMA3A,-9.574213163
MTMR6,-9.579542736
ATP8B4,-9.722092452
CASS4,-9.786538457
PTAFR,-9.84995486
MCTP1,-9.894877161
FPR1,-9.895205003
QPCT,-9.909310225
CD163,-9.940442371
LPCAT2,-9.952734035
SPRED1,-9.997353237
SLA,-10.00485624
DEF6,-10.03945577
CTSC,-10.05575543
ACTN1,-10.08708978
TAF9B,-10.11950271
S100A8,-10.13808505
MPP1,-10.16033667
PIK3CD,-10.23053509
CMKLR1,-10.26396125
LCP2,-10.26792487
LAT2,-10.37327666
ITGAL,-10.42743429
NAGA,-10.6356305
VASP,-10.66828684
S100A9,-10.70342359
CTSH,-10.8277426
MYC,-10.8288967
NAIPP4,-10.96428891
STEAP3,-10.97047878
RHOU,-11.04690667
COLEC12,-11.09242906
CARD9,-11.12576783
SLC20A1,-11.19691051
TTC7A,-11.22987339
MYD88,-11.24106783
NAIPP2,-11.36087574
OTULINL,-11.37099613
AIF1,-11.4381442
NAIP,-11.47653392
MFSD1,-11.51598257
RAB31,-11.59213559
DOCK2,-11.76409192
EPAS1,-11.76490424
SLCO2B1,-11.78930183
CLEC10A,-12.1345719
EMP1,-12.28370644
AP1B1,-12.32876312
TNFSF10,-12.35859571
ETS2,-12.45355327
RTN1,-12.50128367
SASH3,-12.55116997
ARHGAP9,-12.69124436
TNFSF13,-13.2663129
ITPR2,-13.49113517
GASK1B,-13.51242312
ANKH,-13.72393226
SUCNR1,-13.74151193
ARHGAP18,-13.76920551
LIMA1,-13.9867423
SPN,-14.08023848
IGSF6,-14.18433172
SPARC,-14.22370204
SGK1,-15.55201535
HIF1A,-17.04932627
